# frame  R_idx  L_idx   Re    Re2
0 23 24 8.464063 71.640361
1 23 24 9.008721 81.157049
2 23 24 8.886831 78.975764
3 1 40 9.205222 84.736116
3 23 24 9.777636 95.602161
4 1 40 9.595888 92.081076
4 23 24 9.800333 96.046525
5 1 40 9.751147 95.084876
5 23 24 11.120449 123.664376
6 1 40 10.020613 100.412689
6 23 24 10.472455 109.672324
7 1 40 8.898224 79.178389
7 23 24 11.060669 122.338401
8 1 40 9.589870 91.965601
8 23 24 8.947801 80.063141
9 1 40 9.661052 93.335921
9 23 24 7.713269 59.494521
10 1 40 8.890354 79.038401
10 23 24 10.873552 118.234125
11 1 40 8.501451 72.274669
11 23 24 9.107607 82.948500
12 1 40 9.381195 88.006824
12 23 24 8.976985 80.586264
13 1 40 10.890727 118.607924
13 23 24 8.679734 75.337789
14 1 40 10.464208 109.499656
15 1 40 9.698180 94.054700
16 1 40 10.392347 108.000884
17 1 40 9.546413 91.134004
18 1 40 10.101424 102.038769
19 1 40 9.883554 97.684644
20 1 40 10.719673 114.911384
20 24 31 9.309338 86.663769
21 1 40 10.845560 117.626164
21 24 31 9.262015 85.784916
22 1 40 9.762906 95.314336
22 24 31 8.703795 75.756049
23 1 40 9.386731 88.110725
23 24 31 7.852117 61.655736
24 1 40 8.768878 76.893229
24 24 31 7.698625 59.268824
25 1 40 8.679751 75.338069
25 24 31 7.182189 51.583844
26 1 40 8.948492 80.075501
26 24 31 7.732862 59.797156
27 1 40 7.209972 51.983700
27 24 31 7.119610 50.688841
28 1 40 8.094121 65.514800
28 24 31 7.061840 49.869584
29 1 40 8.543613 72.993316
29 24 31 8.423539 70.956004
30 1 40 9.064984 82.173929
30 24 31 9.712958 94.341544
31 1 40 9.352563 87.470444
31 38 39 9.910690 98.221781
32 1 40 8.783999 77.158644
32 38 39 9.753012 95.121249
33 1 40 8.906725 79.329744
33 38 39 8.219957 67.567700
34 1 40 10.747422 115.507069
34 38 39 10.537217 111.032941
35 1 40 10.416676 108.507149
35 38 39 10.628195 112.958525
36 1 40 9.171776 84.121481
36 38 39 11.534292 133.039901
37 1 40 9.771764 95.487376
37 38 39 11.438259 130.833761
38 1 40 11.303323 127.765100
38 38 39 12.210412 149.094161
39 38 39 11.448262 131.062700
40 38 39 11.686208 136.567464
41 31 40 11.526778 132.866600
41 38 39 10.852116 117.768424
42 31 40 9.373848 87.869025
42 38 39 9.617115 92.488901
43 31 40 10.820423 117.081556
43 38 39 10.461440 109.441725
44 31 40 10.625530 112.901889
44 38 39 10.861884 117.980529
45 31 40 11.404986 130.073700
45 38 39 9.866128 97.340484
46 31 40 9.570498 91.594429
46 38 39 10.319124 106.484321
47 31 40 9.704108 94.169709
47 38 39 11.273459 127.090884
48 31 40 10.409159 108.350596
48 38 39 9.671600 93.539844
49 31 40 10.031939 100.639796
49 38 39 10.948330 119.865924
50 31 40 10.290877 105.902156
50 38 39 9.989331 99.786725
51 31 40 8.110134 65.774281
51 38 39 10.643924 113.293124
52 31 40 9.813255 96.299981
52 38 39 9.776033 95.570816
53 31 40 10.590775 112.164525
53 38 39 11.373917 129.365981
54 31 40 8.723955 76.107384
54 38 39 10.173722 103.504625
55 31 40 10.803512 116.715864
55 38 39 9.152096 83.760864
56 31 40 10.310882 106.314296
56 38 39 10.452775 109.260504
57 31 40 9.856304 97.146729
57 38 39 9.806673 96.170836
58 31 40 11.499212 132.231876
58 38 39 12.505433 156.385864
59 31 40 11.781223 138.797204
59 38 39 12.166514 148.024061
60 31 40 10.969479 120.329469
60 38 39 12.594504 158.621541
61 31 40 10.277683 105.630776
61 38 39 11.920375 142.095349
62 31 40 9.349367 87.410664
62 38 39 11.521867 132.753425
63 31 40 11.441097 130.898696
63 38 39 11.414635 130.293901
64 31 40 10.364087 107.414296
64 38 39 10.401601 108.193309
65 31 40 10.001119 100.022381
65 38 39 11.468395 131.524076
66 31 40 9.124533 83.257100
66 38 39 9.940010 98.803789
67 1 24 11.376804 129.431661
67 31 40 9.088653 82.603616
67 38 39 8.544313 73.005292
68 1 24 9.996376 99.927525
68 31 40 9.352824 87.475316
68 38 39 7.236651 52.369124
69 1 24 9.949695 98.996425
69 31 40 9.585332 91.878596
69 38 39 7.310068 53.437100
70 1 24 11.436925 130.803261
70 31 40 10.110870 102.229700
70 38 39 8.471798 71.771364
71 1 24 11.204553 125.542004
71 31 40 9.653128 93.182884
71 38 39 11.134079 123.967725
72 1 24 11.349229 128.805000
72 31 40 9.281428 86.144900
72 38 39 10.753344 115.634400
73 1 24 10.565355 111.626725
73 31 40 9.169869 84.086501
73 38 39 9.892630 97.864136
74 1 24 9.833951 96.706600
74 31 40 10.996346 120.919625
74 38 39 11.281524 127.272776
75 1 24 9.782169 95.690829
75 31 40 10.142204 102.864300
75 38 39 11.201915 125.482889
76 1 24 10.422559 108.629729
76 31 40 8.797131 77.389521
76 38 39 11.403036 130.029225
77 1 24 10.377365 107.689700
77 31 40 10.297136 106.031000
77 38 39 10.837243 117.445841
78 1 24 9.315567 86.779796
78 18 35 10.420490 108.586616
78 31 40 8.436162 71.168829
78 38 39 10.211127 104.267116
79 1 24 10.591898 112.188296
79 18 35 10.670719 113.864244
79 31 40 10.471744 109.657429
79 38 39 12.433904 154.601981
80 1 24 11.161387 124.576564
80 18 35 10.233149 104.717336
80 31 40 10.615924 112.697844
80 38 39 12.368109 152.970124
81 1 24 12.061125 145.470744
81 18 35 9.369950 87.795956
81 31 40 11.062890 122.387541
81 38 39 12.923526 167.017525
82 1 24 12.000644 144.015464
82 18 35 12.023341 144.560729
82 31 40 9.369634 87.790036
82 38 39 11.915188 141.971700
83 1 24 12.654944 160.147616
83 18 35 12.031476 144.756404
83 31 40 10.142330 102.866861
83 38 39 10.202900 104.099161
84 1 24 12.891983 166.203221
84 18 35 10.156733 103.159229
84 31 40 10.597220 112.301069
84 38 39 10.933757 119.547041
85 1 24 12.125310 147.023152
85 10 11 11.949224 142.783961
85 18 35 9.937457 98.753044
85 31 40 9.956315 99.128216
85 38 39 9.688968 93.876100
86 1 24 11.989504 143.748200
86 10 11 12.907582 166.605664
86 18 35 10.697300 114.432225
86 31 40 10.764723 115.879269
86 38 39 10.464682 109.509569
87 1 24 13.031778 169.827249
87 10 11 12.054425 145.309164
87 18 35 11.216843 125.817569
87 38 39 10.769983 115.992529
88 1 24 11.402399 130.014700
88 10 11 12.881712 165.938509
88 18 35 9.497743 90.207125
88 38 39 10.522361 110.720083
89 1 24 11.387135 129.666842
89 10 11 12.430506 154.517481
89 18 35 10.309476 106.285301
89 38 39 9.582707 91.828266
90 1 24 12.442977 154.827677
90 10 11 12.519844 156.746484
90 18 35 11.107310 123.372341
90 31 40 9.189450 84.445989
90 38 39 10.185940 103.753377
91 1 24 12.253536 150.149133
91 10 11 11.163980 124.634441
91 18 35 10.874029 118.244500
91 31 40 8.861795 78.531416
91 38 39 7.265402 52.786070
92 1 24 12.902215 166.467154
92 10 11 11.386683 129.656541
92 18 35 10.683411 114.135281
92 31 40 8.676598 75.283349
92 38 39 10.692031 114.319525
93 1 24 12.926072 167.083341
93 10 11 10.986124 120.694916
93 31 40 7.394001 54.671256
93 38 39 10.314095 106.380564
94 1 24 11.861889 140.704409
94 10 11 11.600108 134.562501
94 31 40 8.350018 69.722801
94 38 39 10.102712 102.064796
95 1 24 10.908040 118.985345
95 10 11 11.912586 141.909704
95 31 40 8.630146 74.479416
95 38 39 9.532841 90.875061
96 1 24 12.088140 146.123140
96 10 11 10.656657 113.564344
96 31 40 8.754911 76.648464
96 38 39 8.207702 67.366376
97 1 24 12.886880 166.071685
97 10 11 9.747580 95.015325
97 31 40 8.726245 76.147357
97 38 39 9.159826 83.902404
98 1 24 11.908830 141.820241
98 10 11 11.253396 126.638924
98 31 40 7.680223 58.985832
98 32 33 8.506438 72.359481
98 38 39 7.806094 60.935101
99 1 24 11.964360 143.145900
99 10 11 11.065451 122.444204
99 31 40 8.256912 68.176589
99 32 33 9.336499 87.170216
99 38 39 7.519146 56.537556
100 1 24 11.364639 129.155021
100 10 11 11.171638 124.805501
100 31 40 9.371287 87.821029
100 32 33 10.001754 100.035081
100 38 39 6.394346 40.887659
101 1 24 11.137659 124.047449
101 31 40 7.412203 54.940756
101 32 33 11.974281 143.383400
101 38 39 5.649427 31.916025
102 1 24 12.737863 162.253164
102 31 40 8.396926 70.508364
102 32 33 12.044588 145.072100
102 38 39 10.333428 106.779740
103 1 24 12.242842 149.887169
103 31 40 7.223758 52.182673
103 32 33 12.361363 152.803289
104 1 24 13.418459 180.055044
104 31 40 5.521049 30.481986
104 32 33 10.279912 105.676584
105 1 24 12.536308 157.159017
105 31 40 7.969474 63.512522
105 32 33 10.523498 110.744004
106 31 40 7.673080 58.876153
106 32 33 9.534916 90.914625
106 38 39 7.104064 50.467725
107 31 40 6.775792 45.911355
107 32 33 8.629080 74.461025
107 38 39 7.500162 56.252424
108 31 40 8.291251 68.744844
108 32 33 9.220925 85.025461
108 38 39 9.144376 83.619616
109 31 40 8.585604 73.712595
109 32 33 10.923209 119.316500
109 38 39 8.131947 66.128564
110 31 40 8.999964 80.999353
110 32 33 11.249973 126.561900
110 38 39 7.453405 55.553241
111 31 40 7.347296 53.982764
111 32 33 11.321458 128.175400
111 38 39 7.565871 57.242400
112 31 40 7.413039 54.953141
112 32 33 10.038330 100.768061
112 38 39 9.002708 81.048759
113 31 40 8.525328 72.681224
113 32 33 11.573702 133.950581
113 38 39 10.735316 115.247016
114 31 40 8.519592 72.583456
114 32 33 11.360678 129.065000
114 38 39 11.157984 124.500601
115 31 40 9.698565 94.062161
115 32 33 9.735172 94.773581
115 38 39 10.166060 103.348769
116 31 40 9.782511 95.697524
116 32 33 10.008527 100.170609
116 38 39 10.243552 104.930349
117 31 40 11.147577 124.268469
117 32 33 10.960766 120.138381
117 38 39 10.989379 120.766461
118 31 40 8.700677 75.701781
118 32 33 10.384701 107.842025
118 38 39 11.240144 126.340836
119 31 40 9.773423 95.519796
119 32 33 11.126958 123.809200
119 38 39 11.886538 141.289784
120 31 40 10.294677 105.980364
120 32 33 10.188381 103.803104
120 38 39 10.430606 108.797536
121 31 40 10.165808 103.343649
121 32 33 11.838737 140.155700
121 38 39 10.784904 116.314156
122 31 40 9.630395 92.744516
122 32 33 11.850814 140.441801
122 38 39 10.239323 104.843729
123 31 40 10.357360 107.274916
123 32 33 10.534501 110.975721
123 38 39 9.997059 99.941181
124 31 40 11.825641 139.845796
124 32 33 10.071782 101.440784
124 38 39 9.671626 93.540344
125 31 40 11.819269 139.695125
125 32 33 10.572551 111.778836
125 38 39 12.526757 156.919649
126 31 40 9.982300 99.646316
126 32 33 12.712802 161.615325
126 38 39 10.074329 101.492100
127 31 40 11.529413 132.927369
127 32 33 10.288695 105.857236
128 25 26 10.859541 117.929625
128 31 40 13.480761 181.730916
128 32 33 11.273120 127.083225
129 25 26 10.631923 113.037784
129 31 40 12.018337 144.440425
129 32 33 11.396518 129.880629
130 25 26 10.581028 111.958164
130 31 40 12.490768 156.019284
130 32 33 11.758831 138.270101
131 25 26 11.661122 135.981764
131 31 40 10.707623 114.653201
132 25 26 10.242613 104.911124
132 31 40 10.161417 103.254400
133 25 26 9.531838 90.855941
133 31 40 10.013726 100.274700
134 25 26 10.725035 115.026384
134 31 40 10.530106 110.883125
135 25 26 9.665300 93.418025
136 25 26 10.844375 117.600461
137 25 26 11.116457 123.575609
138 25 26 11.117882 123.607304
139 25 26 11.196463 125.360789
140 25 26 11.460084 131.333516
144 39 40 10.080814 101.622801
145 39 40 10.039867 100.798925
146 39 40 11.041080 121.905449
147 39 40 9.532072 90.860404
148 39 40 8.339517 69.547541
149 39 40 9.693398 93.961964
150 39 40 9.273747 86.002380
151 39 40 9.341402 87.261784
152 39 40 10.765157 115.888609
153 39 40 10.240367 104.865125
154 39 40 8.871917 78.710916
155 39 40 11.160882 124.565284
156 39 40 12.265500 150.442484
158 26 33 11.513807 132.567749
159 6 17 11.742492 137.886121
159 26 33 11.031704 121.698484
160 26 33 11.948810 142.774056
161 26 33 11.535230 133.061529
162 39 40 12.302171 151.343416
163 39 40 11.635229 135.378549
164 39 40 11.774761 138.645000
165 39 40 12.511508 156.537844
166 39 40 11.349206 128.804476
167 39 40 11.534542 133.045656
168 39 40 10.470593 109.633316
169 39 40 9.765732 95.369525
170 39 40 10.388669 107.924436
171 39 40 12.202605 148.903576
172 39 40 12.899892 166.407221
173 39 40 10.681069 114.085225
174 39 40 8.368956 70.039425
175 39 40 10.253650 105.137341
176 39 40 11.006257 121.137684
177 39 40 10.949005 119.880709
178 39 40 11.039240 121.864824
179 39 40 10.030704 100.615025
180 39 40 9.026105 81.470564
181 39 40 9.064803 82.170649
182 39 40 9.470310 89.686776
183 32 35 8.337473 69.513461
183 39 40 9.472472 89.727725
184 31 40 11.200925 125.460716
184 32 35 8.916463 79.503305
185 31 40 10.705713 114.612281
185 32 35 7.700461 59.297100
186 31 40 11.377606 129.449929
186 32 35 10.030010 100.601096
187 31 40 10.518723 110.643525
187 32 35 10.311880 106.334861
188 31 40 9.744116 94.947801
188 32 35 12.278826 150.769576
189 31 40 11.569981 133.864469
189 32 35 10.806136 116.772581
190 31 40 12.324609 151.895989
190 32 35 11.098988 123.187544
191 31 40 12.379787 153.259124
191 32 35 7.927870 62.851125
192 31 40 11.199358 125.425625
192 32 35 10.910715 119.043700
193 31 40 12.520963 156.774525
193 32 35 9.996360 99.927204
194 31 40 11.528540 132.907241
194 32 35 8.079310 65.275249
195 31 40 12.665881 160.424536
195 32 35 9.476495 89.803956
196 31 40 11.094771 123.093944
196 32 35 11.167140 124.705025
197 31 40 10.196190 103.962296
197 32 35 12.835047 164.738421
198 31 40 10.597923 112.315976
198 32 35 11.364982 129.162825
199 31 40 12.496147 156.153689
199 32 35 12.315085 151.661309
200 31 40 10.702510 114.543725
200 32 35 10.158469 103.194484
201 31 40 10.574073 111.811021
201 32 35 9.360027 87.610100
202 31 40 10.303556 106.163261
202 32 35 10.034499 100.691176
203 31 40 11.088841 122.962389
203 32 35 8.879661 78.848376
204 31 40 8.991351 80.844384
204 32 35 7.727623 59.716161
205 31 40 10.858726 117.911925
205 32 35 9.097816 82.770249
206 31 40 11.543925 133.262209
206 32 35 11.343554 128.676216
207 31 40 11.194950 125.326904
207 32 35 10.269519 105.463025
208 31 40 9.650676 93.135556
208 32 35 8.985978 80.747796
209 31 40 10.078621 101.578601
209 32 35 10.375420 107.649344
210 31 40 11.110606 123.445556
210 32 35 9.434310 89.006200
211 31 40 9.438782 89.090609
211 32 35 10.667589 113.797449
212 31 40 10.486733 109.971576
212 32 35 12.895218 166.286636
213 31 40 9.509762 90.435576
213 32 35 11.527274 132.878049
214 31 40 8.952043 80.139069
214 32 35 11.078652 122.736524
215 31 40 10.003707 100.074161
215 32 35 10.671876 113.888941
216 31 40 10.782282 116.257609
216 32 35 11.295407 127.586216
217 31 40 10.437482 108.941036
217 32 35 10.206375 104.170100
218 31 40 9.932468 98.653925
218 32 35 11.558195 133.591876
219 31 40 9.983161 99.663500
219 32 35 11.648870 135.696164
220 31 40 10.503253 110.318316
220 32 35 9.533978 90.896736
221 31 40 10.112700 102.266709
221 32 35 9.719775 94.474024
222 31 40 9.804265 96.123604
222 32 35 10.018548 100.371309
223 31 40 11.875389 141.024869
223 32 35 10.591748 112.185121
223 38 39 9.269504 85.923700
224 31 40 10.676493 113.987509
224 32 35 9.276794 86.058900
224 38 39 8.841637 78.174549
225 31 40 10.185759 103.749689
225 32 35 9.858091 97.181956
225 38 39 10.650212 113.427024
226 31 40 11.678335 136.383501
226 32 35 11.020839 121.458900
226 38 39 8.918534 79.540256
227 31 40 10.075549 101.516696
227 32 35 9.650746 93.136901
227 38 39 8.198396 67.213704
228 31 40 10.329906 106.706956
228 32 35 10.584249 112.026329
228 38 39 8.714013 75.934024
229 31 40 9.227465 85.146116
229 32 35 11.456376 131.248541
229 38 39 8.948941 80.083544
230 31 40 9.160654 83.917589
230 32 35 9.671461 93.537156
230 38 39 9.929065 98.586329
231 31 40 8.538905 72.912895
231 32 35 9.096573 82.747636
231 38 39 9.151483 83.749644
232 31 40 8.879241 78.840925
232 32 35 10.696964 114.425044
232 38 39 9.903582 98.080941
233 31 40 8.121037 65.951236
233 32 35 10.206435 104.171309
233 38 39 8.640712 74.661900
234 31 40 10.362351 107.378325
234 32 35 12.339871 152.272421
234 38 39 9.499496 90.240421
235 31 40 9.097896 82.771704
235 32 35 12.055293 145.330100
235 38 39 10.178869 103.609369
236 32 35 12.144938 147.499525
236 38 39 8.290707 68.735825
237 32 35 13.141546 172.700241
237 38 39 8.122966 65.982569
238 6 41 11.488521 131.986104
238 32 35 11.489930 132.018500
238 38 39 9.031681 81.571269
239 6 41 11.321880 128.184965
239 32 35 10.063430 101.272625
239 38 39 9.795342 95.948724
240 6 41 11.662189 136.006645
240 32 35 10.934709 119.567864
240 38 39 10.889004 118.570416
241 32 35 11.687147 136.589400
241 38 39 10.694767 114.378036
242 32 35 10.836006 117.419024
242 38 39 8.857974 78.463696
243 32 35 10.977738 120.510725
243 38 39 9.093901 82.699044
244 32 35 10.193400 103.905400
244 38 39 9.608816 92.329341
245 32 35 10.415863 108.490196
245 38 39 10.976534 120.484309
246 32 35 11.868796 140.868321
246 38 39 10.394074 108.036769
247 32 35 11.874219 140.997069
247 38 39 11.139798 124.095096
248 21 40 11.594714 134.437400
248 32 35 10.141140 102.842729
248 38 39 12.016480 144.395796
249 6 41 12.501419 156.285465
249 21 40 10.264724 105.364556
249 32 35 10.399219 108.143764
250 6 41 11.044574 121.982624
250 21 40 11.691211 136.684404
250 32 35 12.063069 145.517625
251 6 41 11.380812 129.522878
251 21 40 11.177952 124.946609
252 6 41 10.608613 112.542670
252 21 40 9.814461 96.323649
252 32 35 8.994907 80.908349
253 6 41 11.231339 126.142965
253 21 40 9.920818 98.422625
253 32 35 10.811663 116.892056
254 6 41 11.251649 126.599605
254 21 40 10.323364 106.571841
254 32 35 11.892397 141.429109
255 6 41 11.679482 136.410293
255 21 40 10.237750 104.811524
255 32 35 11.511339 132.510916
256 6 41 11.993698 143.848781
256 21 40 9.257492 85.701164
256 32 35 11.563583 133.716461
257 6 41 12.639545 159.758105
257 21 40 8.883126 78.909925
257 32 35 12.449502 154.990100
258 6 41 11.323942 128.231665
258 21 40 10.939438 119.671301
258 32 35 8.614407 74.208001
259 6 41 11.419735 130.410353
259 21 40 10.250878 105.080504
259 32 35 10.125399 102.523704
260 6 41 11.270669 127.027985
260 21 40 10.010317 100.206449
260 32 35 10.261457 105.297496
261 6 41 12.059046 145.420600
261 21 40 10.409694 108.361736
261 32 35 9.441574 89.143321
262 6 41 11.183486 125.070350
262 21 40 10.121101 102.436684
262 32 35 8.730764 76.226244
263 21 40 10.336007 106.833041
263 32 35 9.500042 90.250796
264 21 40 11.108948 123.408716
264 32 35 9.334966 87.141589
265 21 40 11.568333 133.826324
265 32 35 9.745405 94.972909
266 21 40 11.046836 122.032584
266 32 35 9.930176 98.608396
267 10 31 7.811938 61.026376
267 21 40 11.421774 130.456921
267 32 35 10.205015 104.142324
268 10 31 6.602038 43.586900
268 21 40 10.011545 100.231025
268 32 35 11.014085 121.310069
269 10 31 6.309691 39.812200
269 21 40 10.266775 105.406661
269 32 35 11.342787 128.658824
270 10 31 9.119622 83.167500
270 21 40 9.543284 91.074264
270 32 35 12.141834 147.424121
271 10 31 7.591720 57.634209
271 21 40 10.292879 105.943349
271 32 35 11.606207 134.704044
272 10 31 7.801626 60.865361
272 21 40 7.946164 63.141516
272 32 35 11.959834 143.037641
273 10 31 8.474550 71.818000
273 21 40 9.744171 94.948861
273 32 35 10.276275 105.601836
274 10 31 9.135481 83.457021
274 21 40 9.456695 89.429081
274 32 35 10.843717 117.586200
275 10 31 7.883541 62.150225
275 21 40 9.171343 84.113525
275 32 35 9.273083 85.990069
276 10 31 9.578486 91.747400
276 21 40 11.058265 122.285221
276 32 35 9.478867 89.848925
277 10 31 10.578093 111.896041
277 21 40 11.502007 132.296164
277 32 35 9.862372 97.266389
278 10 31 10.304814 106.189196
278 32 35 11.099593 123.200969
279 10 31 10.745761 115.471384
279 32 35 9.595560 92.074781
280 10 31 10.907023 118.963161
280 32 35 10.472760 109.678700
281 9 20 14.480841 209.694744
281 10 31 12.268903 150.525989
281 32 35 8.501219 72.270725
282 9 20 13.674160 186.982641
282 10 31 12.801691 163.883284
282 32 35 11.055895 122.232825
283 9 20 13.692894 187.495349
283 10 31 11.154595 124.424996
283 32 35 11.326341 128.286009
284 9 20 14.098005 198.753749
284 10 31 10.943376 119.757476
284 32 35 9.640626 92.941664
285 6 41 13.187107 173.899778
285 9 20 12.667367 160.462189
285 10 31 12.581684 158.298761
285 32 35 12.604990 158.885781
286 6 41 11.759497 138.285761
286 9 20 12.218704 149.296736
286 10 31 13.475167 181.580116
286 32 35 11.335029 128.482889
287 6 41 12.596237 158.665190
287 9 20 12.514604 156.615304
287 10 31 11.172003 124.813644
287 32 35 11.274471 127.113700
288 6 41 13.111363 171.907844
288 9 20 11.404757 130.068481
288 10 31 10.384822 107.844525
288 21 40 11.789311 138.987849
288 32 35 10.664127 113.723596
289 6 41 11.657613 135.899936
289 9 20 11.438589 130.841309
289 10 31 8.966783 80.403189
289 21 40 10.433860 108.865441
289 32 35 11.188361 125.179421
290 6 41 12.089902 146.165720
290 9 20 12.212196 149.137725
290 10 31 10.062915 101.262249
290 21 40 10.891965 118.634900
290 32 35 11.546591 133.323756
291 6 41 11.196907 125.370717
291 9 20 11.799280 139.223000
291 10 31 9.362238 87.651504
291 21 40 11.599199 134.541425
292 6 41 11.694538 136.762225
292 9 20 12.038210 144.918509
292 10 31 9.639321 92.916500
292 21 40 11.504047 132.343101
293 6 41 11.116273 123.571530
293 9 20 12.068931 145.659101
293 10 31 12.447994 154.952561
293 21 40 11.369839 129.273249
294 6 41 11.665809 136.091108
294 9 20 11.567654 133.810625
294 10 31 12.405984 153.908449
294 21 40 10.451431 109.232404
295 6 41 10.811929 116.897816
295 9 20 12.217704 149.272296
295 10 31 12.300307 151.297541
295 21 40 10.896328 118.729964
296 6 41 11.776370 138.682889
296 9 20 11.788348 138.965156
296 10 31 12.659744 160.269129
296 21 40 11.249805 126.558116
297 6 41 10.846192 117.639878
297 9 20 11.669569 136.178829
297 10 31 10.745642 115.468829
297 21 40 10.184745 103.729024
298 6 41 9.931895 98.642532
298 9 20 12.293451 151.128929
298 10 31 10.849949 117.721400
298 21 40 9.536102 90.937241
299 6 41 9.847666 96.976521
299 9 20 12.285953 150.944629
299 10 31 9.987970 99.759549
299 21 40 8.972789 80.510941
300 9 20 14.171465 200.830425
300 10 31 10.333141 106.773800
301 9 20 13.393080 179.374600
301 10 31 9.335016 87.142516
302 9 20 12.303731 151.381796
302 10 31 8.950737 80.115700
303 9 20 11.741602 137.865225
303 10 31 9.380768 87.998804
304 9 20 12.746016 162.460925
304 10 31 9.279428 86.107784
305 9 20 11.019889 121.437956
305 10 31 8.208691 67.382600
306 9 20 12.521453 156.786796
306 10 31 8.065165 65.046889
307 9 20 11.298541 127.657025
307 10 31 10.342019 106.957361
308 9 20 11.750399 138.071876
308 10 31 11.330866 128.388516
309 9 20 12.132519 147.198021
309 10 31 11.199921 125.438225
310 9 20 12.007830 144.187976
310 10 31 11.859865 140.656400
311 9 20 10.628133 112.957209
311 10 31 10.779367 116.194749
312 9 20 11.165551 124.669525
312 10 31 11.239262 126.321016
313 9 20 11.806480 139.392964
313 10 31 9.190725 84.469421
314 9 20 12.964218 168.070936
314 10 31 11.328484 128.334561
315 9 20 11.462602 131.391241
315 10 31 10.434701 108.882984
316 9 20 10.907054 118.963825
316 10 31 11.187648 125.163464
317 9 20 11.466169 131.473025
317 10 31 11.178933 124.968536
318 9 20 10.810242 116.861325
318 10 31 11.446198 131.015456
319 9 20 10.543238 111.159864
319 10 31 12.282603 150.862325
320 9 20 11.637599 135.433709
320 10 31 11.746305 137.975681
321 9 20 10.451518 109.234221
321 10 31 11.344760 128.703576
322 9 20 11.757141 138.230369
322 10 31 11.333919 128.457721
323 9 20 12.107229 146.585000
323 10 31 11.516685 132.634025
324 10 31 9.546533 91.136300
325 10 31 11.156330 124.463709
326 10 31 10.408996 108.347204
327 10 31 10.284952 105.780241
328 10 31 11.337459 128.537976
329 10 31 9.937818 98.760229
330 10 31 10.559467 111.502349
331 10 31 12.254788 150.179825
332 10 31 11.348972 128.799161
333 10 31 12.288562 151.008744
334 10 31 12.561921 157.801861
335 10 31 11.789187 138.984921
336 10 31 11.817502 139.653344
337 10 31 10.519999 110.670384
338 10 31 11.995441 143.890600
342 10 31 11.396214 129.873701
342 32 39 11.436415 130.791596
343 10 31 9.870482 97.426421
343 32 39 11.676219 136.334100
344 10 31 11.590210 134.332961
344 32 39 10.545488 111.207321
345 10 31 11.197675 125.387924
345 32 39 12.467121 155.429100
346 10 31 11.004548 121.100076
346 32 39 12.483405 155.835400
347 10 31 9.763232 95.320696
347 32 39 11.787213 138.938400
348 10 31 9.049947 81.901541
348 32 39 11.159924 124.543901
349 32 39 11.579666 134.088656
350 32 39 11.476322 131.705976
351 26 35 9.614758 92.443564
351 32 39 11.536979 133.101876
352 26 35 12.546397 157.412081
352 32 39 12.190763 148.614701
353 26 35 11.300268 127.696056
353 32 39 11.644671 135.598361
354 26 35 11.864033 140.755289
355 26 35 13.415559 179.977225
356 26 35 13.942847 194.402976
357 26 35 13.401504 179.600301
358 26 35 12.120093 146.896649
359 26 35 12.213079 149.159301
360 10 31 12.629326 159.499881
361 10 31 12.503109 156.327725
362 10 31 12.269518 150.541076
363 10 31 12.705338 161.425604
364 10 31 11.310463 127.926569
365 10 31 11.231359 126.143425
366 10 31 11.689518 136.644829
367 10 31 11.973584 143.366724
368 10 31 10.519663 110.663304
369 10 31 10.780841 116.226529
370 10 31 9.810030 96.236689
371 10 31 10.110744 102.227141
372 10 31 10.692108 114.321169
373 10 31 9.962672 99.254825
420 14 21 14.211389 201.963564
421 14 21 13.294257 176.737281
422 14 21 14.386421 206.969096
423 14 21 12.506466 156.411704
424 14 21 13.000598 169.015544
425 2 3 11.407965 130.141674
425 14 21 13.677118 187.063544
426 2 3 10.439607 108.985400
426 14 21 13.617382 185.433089
427 2 3 10.312997 106.357914
427 14 21 14.959375 223.782900
428 2 3 9.068578 82.239105
428 14 21 14.169313 200.769441
429 2 3 10.115163 102.316522
429 14 21 13.464972 181.305476
430 2 3 10.133777 102.693437
430 14 21 14.189021 201.328325
431 2 3 10.401808 108.197604
432 2 3 9.142525 83.585769
433 2 3 10.145839 102.938039
434 2 3 10.341748 106.951744
435 2 3 9.315638 86.781113
436 2 3 11.226356 126.031061
437 2 3 11.070282 122.551136
438 2 3 9.508863 90.418483
439 2 3 11.387286 129.670290
440 2 3 10.632133 113.042257
441 2 3 10.840698 117.520731
442 2 3 10.752164 115.609025
443 2 3 10.105303 102.117158
444 2 3 9.619988 92.544160
445 2 3 10.663703 113.714553
446 2 3 11.354314 128.920456
447 2 3 12.295952 151.190447
448 2 3 13.438897 180.603940
449 2 3 11.460632 131.346093
450 2 3 11.353038 128.891478
451 2 3 11.551611 133.439713
452 2 3 11.189013 125.194020
453 2 3 10.180270 103.637905
454 2 3 10.727751 115.084649
455 2 3 9.757851 95.215661
456 2 3 10.823297 117.143748
457 2 3 10.743042 115.412945
458 2 3 9.899472 97.999541
459 2 3 11.763688 138.384350
460 2 3 11.185829 125.122781
461 2 3 13.570335 184.154004
462 2 3 12.375423 153.151106
463 2 3 12.177725 148.296980
464 2 3 12.584089 158.359300
465 2 3 12.359638 152.760654
478 4 11 11.727783 137.540889
479 4 11 11.076614 122.691369
480 4 11 10.798743 116.612849
481 4 11 10.735280 115.246241
482 4 11 10.589253 112.132276
483 4 11 10.907613 118.976025
484 4 11 9.902376 98.057056
485 4 11 9.817238 96.378156
486 4 11 10.745117 115.457529
487 4 11 10.035593 100.713129
488 4 11 11.618495 134.989425
489 4 11 11.199309 125.424516
490 4 11 12.828415 164.568236
491 4 11 11.975124 143.403600
492 4 11 11.743673 137.913849
493 4 11 12.411669 154.049525
494 4 11 13.654621 186.448676
495 4 11 11.870314 140.904364
496 4 11 12.927262 167.114104
497 4 11 13.012278 169.319381
531 25 40 13.121879 172.183704
532 25 40 11.784351 138.870921
533 25 40 12.449458 154.988996
534 25 40 12.712282 161.602104
535 25 40 13.018396 169.478624
535 27 28 11.800346 139.248161
536 25 40 11.987741 143.705925
536 27 28 11.358057 129.005449
537 25 40 12.290930 151.066961
537 27 28 10.740924 115.367444
538 25 40 12.463770 155.345569
538 27 28 11.314209 128.011336
539 25 40 12.994875 168.866789
539 27 28 11.464013 131.423604
540 25 40 12.471557 155.539725
540 27 28 11.840104 140.188064
541 25 40 12.191690 148.637309
541 27 28 10.688558 114.245264
542 25 40 12.287835 150.990900
543 25 40 13.706687 187.873261
544 25 40 11.976355 143.433076
550 21 26 12.596600 158.674344
551 21 26 12.077517 145.866416
552 21 26 12.509901 156.497625
553 21 26 11.485481 131.916276
554 21 26 10.854033 117.810029
555 21 26 10.495194 110.149089
556 21 26 11.186440 125.136449
558 21 26 10.153039 103.084200
559 21 26 10.134066 102.699296
560 21 26 9.918721 98.381025
561 21 26 10.872313 118.207181
562 21 26 11.499622 132.241309
562 34 37 12.540136 157.255016
563 21 26 11.198358 125.403224
563 34 37 11.022634 121.498461
564 21 26 12.338644 152.242141
564 25 40 11.524113 132.805169
564 34 37 11.880894 141.155636
565 21 26 11.757190 138.231525
565 25 40 11.901287 141.640625
565 34 37 12.098683 146.378141
566 21 26 10.635083 113.105001
566 25 40 11.080782 122.783729
566 34 37 13.171959 173.500500
567 21 26 11.456221 131.245000
567 25 40 12.214144 149.185316
567 34 37 13.439667 180.624656
568 25 40 12.288841 151.015625
568 34 37 13.472778 181.515736
569 25 40 12.839494 164.852609
569 34 37 12.383455 153.349964
570 25 40 12.764250 162.926089
573 4 41 13.054520 170.420489
574 4 41 13.011942 169.310629
575 4 41 12.694190 161.142449
576 4 41 13.091112 171.377204
577 4 41 14.207122 201.842316
577 22 31 10.405087 108.265829
578 4 41 12.173228 148.187489
578 22 31 11.243253 126.410744
579 4 41 13.262726 175.899901
579 22 31 9.968976 99.380489
580 4 41 12.723136 161.878201
580 10 35 11.601518 134.595224
580 22 31 10.229804 104.648900
581 4 41 13.577809 184.356900
581 10 35 12.219371 149.313025
581 22 31 8.551548 73.128981
582 4 41 12.390728 153.530129
582 10 35 10.870944 118.177429
582 22 31 10.302637 106.144324
583 4 41 12.458333 155.210049
583 10 35 11.306206 127.830296
583 21 26 11.231174 126.139276
583 22 31 9.922948 98.464900
584 4 41 11.972936 143.351201
584 10 35 12.793960 163.685400
584 21 26 11.848163 140.378969
584 22 31 9.269680 85.926961
585 4 41 10.468084 109.580789
585 10 35 10.936287 119.602376
585 21 26 10.899065 118.789609
585 22 31 9.924567 98.497025
586 4 41 13.031280 169.814261
586 10 35 10.613427 112.644836
586 21 26 9.034622 81.624400
586 22 31 10.074345 101.492436
587 4 41 12.762731 162.887301
587 10 35 10.385235 107.853096
587 21 26 10.841083 117.529076
587 22 31 8.314439 69.129900
588 4 41 12.925680 167.073209
588 10 35 10.981312 120.589221
588 21 26 10.809084 116.836301
588 22 31 9.124360 83.253941
589 4 41 13.668653 186.832084
589 10 35 11.632687 135.319409
589 21 26 11.686690 136.578725
589 22 31 10.124811 102.511800
590 4 41 10.772428 116.045204
590 10 35 12.195466 148.729400
590 21 26 11.773331 138.611325
590 22 31 9.066900 82.208669
591 4 41 11.808436 139.439156
591 10 35 12.028847 144.693164
591 21 26 11.655126 135.841969
591 22 31 10.176062 103.552244
592 4 41 11.930390 142.334200
592 10 35 12.178010 148.303916
592 21 26 12.530939 157.024441
592 22 31 9.429211 88.910025
593 4 41 12.455008 155.127236
593 21 26 12.930679 167.202461
594 4 41 12.596598 158.674281
594 21 26 12.828083 164.559716
595 4 41 12.830870 164.631224
595 21 26 12.704834 161.412809
596 4 41 13.658299 186.549129
596 21 26 12.560896 157.776109
596 22 31 10.488370 110.005900
597 4 41 13.112091 171.926925
597 21 26 11.066342 122.463925
597 22 31 9.095904 82.735461
598 4 41 12.404823 153.879636
598 21 26 11.865013 140.778525
598 22 31 10.441210 109.018869
599 4 41 12.321774 151.826125
599 21 26 13.609680 185.223400
599 22 31 7.879118 62.080500
600 4 41 12.346660 152.440001
600 21 26 13.297240 176.816600
600 22 31 8.318154 69.191681
601 4 41 13.315222 177.295124
601 21 26 12.889248 166.132724
601 22 31 9.893115 97.873725
602 4 41 12.020708 144.497416
602 21 26 13.411444 179.866836
602 22 31 9.932650 98.657544
603 4 41 11.675700 136.321961
603 21 26 13.203229 174.325269
603 22 31 10.010740 100.214916
604 4 41 12.763516 162.907341
604 21 26 11.599803 134.555425
604 22 31 9.647935 93.082644
605 4 41 9.655613 93.230861
605 21 26 11.553635 133.486484
605 22 31 9.536422 90.943349
606 4 41 10.669438 113.836904
606 21 26 12.014121 144.339096
606 22 31 9.315404 86.776744
607 4 41 10.963894 120.206976
607 21 26 12.121686 146.935261
607 22 31 10.275680 105.589604
608 4 41 13.025305 169.658564
608 21 26 12.104150 146.510436
608 22 31 9.880513 97.624544
609 4 41 11.523133 132.782600
609 21 26 12.372149 153.070081
609 22 31 10.926790 119.394741
610 4 41 12.772957 163.148436
610 21 26 12.659085 160.252429
610 22 31 9.247535 85.516900
611 4 41 12.902809 166.482484
611 21 26 12.085521 146.059829
611 22 31 9.924181 98.489364
612 4 41 12.607357 158.945456
612 21 26 12.965549 168.105461
612 22 31 11.557734 133.581225
613 4 41 11.752432 138.119649
613 21 26 12.018558 144.445725
613 22 31 10.963421 120.196600
614 4 41 11.515439 132.605336
614 21 26 13.041454 170.079521
614 22 31 11.873299 140.975225
615 4 41 11.558798 133.605800
615 21 26 11.487249 131.956901
615 22 31 11.041173 121.907509
616 4 41 9.123065 83.230316
616 21 26 12.387655 153.453989
616 22 31 11.155548 124.446241
617 4 41 9.801557 96.070529
617 21 26 12.229465 149.559821
617 22 31 11.460552 131.344249
618 4 41 10.981743 120.598676
618 21 26 11.436424 130.791801
618 22 31 11.184360 125.089901
619 21 26 12.245463 149.951376
619 22 31 11.997886 143.949269
620 21 26 12.840282 164.872829
620 22 31 12.789202 163.563700
621 21 26 11.969164 143.260884
621 22 31 12.549196 157.482316
622 4 11 11.165009 124.657424
622 21 26 12.169962 148.107969
622 22 31 12.748592 162.526600
623 4 11 11.699036 136.867449
623 21 26 13.148697 172.888236
624 4 11 12.085901 146.069000
624 21 26 10.799612 116.631609
625 4 11 12.335053 152.153521
625 21 26 12.494621 156.115544
626 4 11 12.134997 147.258144
626 21 26 11.368202 129.236025
627 4 11 10.560043 111.514500
627 21 26 12.253159 150.139901
628 4 11 11.055706 122.228625
628 21 26 11.777105 138.700196
629 4 11 12.835993 164.762724
629 21 26 11.070081 122.546689
630 4 11 11.473748 131.646889
630 21 26 11.442750 130.936525
631 4 11 12.347477 152.460200
631 21 26 10.878208 118.335400
632 2 37 12.422387 154.315704
632 4 11 12.849376 165.106476
632 21 26 10.419476 108.565481
633 2 37 10.495564 110.156856
633 4 11 13.897179 193.131576
633 21 26 10.994816 120.885969
634 2 37 11.338561 128.562976
634 4 11 13.295098 176.759624
634 21 26 11.608357 134.753949
635 2 37 11.318763 128.114389
635 4 11 14.149331 200.203569
635 21 26 10.835680 117.411956
635 22 31 12.529170 156.980109
636 2 37 12.336451 152.188025
636 4 11 13.159509 173.172676
636 21 26 11.421244 130.444809
636 22 31 12.646445 159.932564
637 2 37 11.827796 139.896749
637 4 11 12.130586 147.151116
637 21 26 10.192598 103.889061
637 22 31 11.961999 143.089421
638 2 37 10.830800 117.306229
638 18 33 12.778611 163.292900
638 21 26 10.215879 104.364181
638 22 31 12.689976 161.035481
639 2 37 12.636695 159.686061
639 18 33 11.827773 139.896209
639 21 26 11.120752 123.671124
639 22 31 13.114393 171.987296
640 2 37 12.193991 148.693416
640 18 33 12.003885 144.093262
640 21 26 10.995267 120.895896
640 22 31 13.245214 175.435704
641 2 37 11.066762 122.473224
641 18 33 11.583140 134.169129
641 21 26 12.565802 157.899384
641 22 31 11.853865 140.514125
642 2 37 10.409090 108.349149
642 18 33 12.563702 157.846601
642 21 26 11.977860 143.469124
642 22 31 10.727204 115.072901
643 2 37 12.171584 148.147464
643 18 33 12.656828 160.195301
643 21 26 11.568611 133.832769
643 22 31 11.490717 132.036581
644 2 37 10.915853 119.155856
644 18 33 13.713808 188.068536
644 21 26 11.741279 137.857625
644 22 31 12.078286 145.884984
645 1 28 12.461613 155.291800
645 2 37 11.564742 133.743249
645 18 33 12.321352 151.815725
645 21 26 12.777189 163.256564
646 1 28 10.934186 119.556425
646 2 37 13.140404 172.670229
646 18 33 13.375406 178.901480
646 21 26 13.765940 189.501101
647 1 28 10.055174 101.106525
647 2 37 13.091610 171.390241
647 18 33 13.257781 175.768746
647 21 26 11.847796 140.370281
648 1 28 9.459409 89.480424
648 2 37 12.981529 168.520100
648 18 33 13.029590 169.770228
648 21 26 10.778547 116.177069
649 1 28 11.705625 137.021661
649 18 33 12.532350 157.059797
649 21 26 12.854415 165.235976
650 1 28 12.034592 144.831396
650 18 33 14.420890 207.962060
650 21 26 11.925250 142.211576
651 1 28 10.676321 113.983829
651 18 33 13.932549 194.115909
651 21 26 12.010654 144.255800
652 1 28 11.806927 139.403536
652 18 33 13.055263 170.439881
652 21 26 12.954726 167.824936
653 1 28 9.540228 91.015944
653 18 33 12.816424 164.260736
653 21 26 12.552331 157.561004
654 1 28 9.690027 93.896616
654 18 33 13.942983 194.406776
654 21 26 11.571911 133.909124
655 1 28 10.908336 118.991784
655 18 33 13.034584 169.900376
655 21 26 12.171144 148.136756
656 1 28 11.635718 135.389925
656 18 33 13.843176 191.633522
656 21 26 12.874983 165.765176
657 1 28 11.036814 121.811261
657 18 33 12.706885 161.464925
657 21 26 12.317039 151.709444
658 1 28 11.103721 123.292625
658 18 33 12.205309 148.969560
658 21 26 12.550808 157.522776
659 1 28 12.435928 154.652296
659 18 33 12.245000 149.940022
659 21 26 11.657690 135.901729
660 1 28 11.219549 125.878276
660 18 33 12.076671 145.845981
660 21 26 12.159181 147.845684
661 1 28 12.308642 151.502669
661 18 33 12.704107 161.394329
661 21 26 11.869096 140.875444
662 1 28 12.431804 154.549741
662 18 33 11.714884 137.238500
662 21 26 11.574921 133.978796
663 1 28 11.082265 122.816589
663 18 33 10.955736 120.028145
663 21 26 11.869216 140.878296
664 1 28 12.074718 145.798809
664 18 33 11.122472 123.709389
664 21 26 12.292624 151.108600
665 1 28 12.040451 144.972449
665 18 33 10.705051 114.598109
665 21 26 12.451365 155.036501
666 1 28 11.700749 136.907525
666 18 33 11.686679 136.578456
666 21 26 12.072008 145.733381
667 18 33 11.094606 123.090281
667 21 26 10.542043 111.134661
668 18 33 11.642849 135.555924
668 21 26 9.874080 97.497461
669 18 33 11.171792 124.808942
669 21 26 11.206626 125.588456
670 18 33 12.054404 145.308644
670 21 26 11.124546 123.755529
671 18 33 11.824018 139.807393
671 21 26 12.601092 158.787525
672 18 33 13.136398 172.564950
672 21 26 11.708472 137.088324
673 18 33 12.736567 162.220134
673 21 26 11.382785 129.567789
674 18 33 10.637252 113.151128
674 21 26 10.769272 115.977229
675 1 28 10.751705 115.599161
675 18 33 11.680875 136.442845
675 21 26 11.941923 142.609516
676 1 28 11.669242 136.171200
676 18 33 10.244831 104.956565
676 21 26 11.383866 129.592404
677 1 28 9.464721 89.580949
677 18 33 10.766747 115.922850
677 21 26 11.678077 136.377481
678 1 28 9.846392 96.951436
678 18 33 11.824391 139.816232
678 21 26 12.518097 156.702764
679 1 28 9.985546 99.711125
679 18 33 13.173149 173.531846
679 21 26 12.407020 153.934136
680 1 28 10.466467 109.546941
680 18 33 11.807938 139.427405
681 1 28 8.930852 79.760121
681 18 33 11.406300 130.103685
682 1 28 11.165455 124.667389
682 18 33 11.213761 125.748446
683 1 28 11.810970 139.499021
683 18 33 12.018925 144.454568
684 1 28 12.122437 146.953469
684 18 33 12.050747 145.220497
685 1 28 11.585443 134.222501
686 1 28 10.717236 114.859144
688 18 33 12.122055 146.944217
689 18 33 12.253308 150.143556
690 18 33 10.639418 113.197225
691 18 33 11.506301 132.394961
692 18 33 11.453658 131.186277
693 18 33 12.220749 149.346705
699 3 18 13.363122 178.573021
700 3 18 12.926706 167.099736
701 3 18 12.451202 155.032424
702 3 18 12.437152 154.682750
703 3 18 12.186217 148.503893
704 3 18 12.310513 151.548740
704 5 28 12.536407 157.161496
705 3 18 12.695551 161.177008
705 5 28 13.082455 171.150616
706 3 18 13.342726 178.028324
706 5 28 12.730688 162.070409
707 1 22 13.674288 186.986141
707 3 18 12.736733 162.224362
707 5 28 11.219379 125.874476
707 32 35 12.191650 148.636325
708 1 22 12.225265 149.457096
708 3 18 12.541547 157.290412
708 5 28 11.524579 132.815921
708 32 35 11.093282 123.060900
709 1 22 10.013679 100.273764
709 3 18 13.047290 170.231789
709 5 28 11.867085 140.827700
709 32 35 12.955410 167.842661
710 1 22 11.349727 128.816301
710 3 18 13.481764 181.757952
710 5 28 12.690018 161.036564
710 32 35 12.863160 165.460889
711 1 22 11.871513 140.932829
711 3 18 13.765252 189.482157
711 5 28 11.456398 131.249056
711 32 35 13.916230 193.661464
712 1 22 11.397067 129.893141
712 3 18 14.506195 210.429688
712 5 28 10.673548 113.924621
712 32 35 13.297898 176.834089
713 1 22 10.811949 116.898249
713 3 18 13.201367 174.276086
713 5 28 11.589229 134.310225
713 32 35 13.205873 174.395084
714 1 22 11.573806 133.952976
714 3 18 14.176123 200.962468
714 5 28 13.820751 191.013161
714 32 35 12.616065 159.165089
715 1 22 12.597956 158.708484
715 3 18 13.368572 178.718709
715 5 28 13.464427 181.290781
715 32 35 11.495272 132.141284
716 1 22 12.788058 163.534425
716 3 18 12.587003 158.432633
716 5 28 12.446181 154.907416
716 32 35 12.587637 158.448596
717 1 22 12.775785 163.220684
717 3 18 13.738323 188.741520
717 5 28 12.985547 168.624425
717 32 35 11.238635 126.306916
718 1 22 12.986270 168.643221
718 3 18 14.716195 216.566381
718 5 28 13.227772 174.973944
718 32 35 12.018181 144.436664
719 1 22 12.517901 156.697844
719 3 18 13.009745 169.253474
719 5 28 13.325806 177.577109
719 32 35 11.869967 140.896116
720 1 22 11.540007 133.171769
720 3 18 12.759368 162.801476
720 5 28 11.662484 136.013544
720 32 35 11.517359 132.649561
721 1 22 10.410357 108.375525
721 3 18 13.519718 182.782786
721 5 28 12.701304 161.323121
721 32 35 11.591827 134.370444
722 1 22 11.554359 133.503201
722 3 18 13.185579 173.859500
722 5 28 12.119236 146.875889
722 32 35 10.422379 108.625989
723 1 22 12.817250 164.281900
723 3 18 11.991082 143.786045
723 5 28 12.013519 144.324629
723 32 35 11.541187 133.199000
724 1 22 13.575902 184.305121
724 3 18 10.821334 117.101273
724 5 28 12.153917 147.717701
724 32 35 10.504176 110.337716
725 1 22 12.090570 146.181889
725 3 18 11.826977 139.877384
725 5 28 11.130657 123.891536
725 32 35 12.233834 149.666696
726 1 22 11.888077 141.326381
726 3 18 12.571765 158.049285
726 5 28 12.546042 157.403176
726 32 35 11.881203 141.162996
727 1 22 12.145884 147.522500
727 3 18 12.509811 156.495373
727 5 28 12.204208 148.942701
727 32 35 11.703876 136.980725
728 1 22 12.410347 154.016725
728 3 18 10.039810 100.797785
728 5 28 12.661615 160.316496
728 32 35 11.941214 142.592601
729 1 22 11.366592 129.199425
729 3 18 10.283990 105.760445
729 5 28 11.734864 137.707025
729 32 35 11.173185 124.840056
730 1 22 10.686765 114.206936
730 3 18 11.445263 130.994052
730 5 28 14.002724 196.076293
730 32 35 11.886879 141.297896
731 1 22 9.957521 99.152225
731 3 18 10.643371 113.281348
731 5 28 12.375093 153.142925
731 32 35 10.688634 114.246900
732 1 22 10.613312 112.642400
732 3 18 10.782584 116.264116
732 5 28 11.726999 137.522504
732 32 35 10.836113 117.421349
733 1 22 11.588644 134.296664
733 3 18 12.550065 157.504140
733 5 28 12.161370 147.898924
733 32 35 11.843771 140.274904
734 1 22 10.890916 118.612061
734 3 18 11.983115 143.595049
734 5 28 12.706652 161.459000
734 16 25 8.904033 79.281806
734 32 35 11.418219 130.375736
735 1 22 11.842934 140.255096
735 3 18 10.364168 107.415977
735 5 28 11.107751 123.382125
735 16 25 8.550570 73.112249
735 32 35 12.371555 153.055376
736 3 18 10.765511 115.896221
736 5 28 12.406445 153.919884
736 16 25 10.286313 105.808244
736 32 35 12.165407 147.997136
737 3 18 10.737558 115.295150
737 5 28 11.791705 139.044296
737 16 25 11.080330 122.773709
737 32 35 11.735698 137.726596
738 3 18 11.152315 124.374120
738 5 28 11.688819 136.628481
738 16 25 10.456769 109.344009
738 32 35 12.534662 157.117761
739 3 18 11.175067 124.882125
739 5 28 11.931799 142.367825
739 16 25 11.305583 127.816196
739 32 35 11.743087 137.900100
740 3 18 11.273133 127.083530
740 5 28 11.110668 123.446936
740 16 25 10.191041 103.857316
740 32 35 12.763980 162.919184
741 5 28 11.244980 126.449576
741 16 25 10.397583 108.109736
741 32 35 13.877032 192.572021
742 5 28 11.303889 127.777896
742 16 25 10.710967 114.724824
742 32 35 13.319339 177.404781
743 5 28 11.381228 129.532356
743 16 25 7.699596 59.283784
743 32 35 11.514000 132.572204
744 5 28 9.916487 98.336724
744 16 25 8.110579 65.781489
744 32 35 12.946011 167.599200
745 5 28 9.256637 85.685325
745 16 25 9.646637 93.057600
746 5 28 9.396589 88.295884
746 16 25 7.842404 61.503300
747 5 28 9.591568 91.998184
747 16 25 8.702970 75.741689
747 21 40 9.627237 92.683684
748 16 25 8.655812 74.923081
748 21 40 11.622964 135.093301
749 16 25 7.748046 60.032216
749 21 40 12.030475 144.732325
750 16 25 8.650512 74.831364
750 21 40 12.384276 153.370281
751 16 25 8.964659 80.365104
751 21 40 12.759711 162.810216
752 16 25 7.861157 61.797789
752 21 40 9.868582 97.388901
753 16 25 8.988577 80.794525
753 21 40 9.695001 93.993041
754 16 25 8.514401 72.495025
754 21 40 9.629107 92.719700
755 16 25 9.147868 83.683496
755 21 40 9.435969 89.037504
756 16 25 8.918537 79.540300
756 21 40 10.720571 114.930649
757 16 25 9.722038 94.518024
757 21 40 10.467972 109.578444
758 16 25 8.354783 69.802400
758 21 40 11.394115 129.825849
759 16 25 8.386019 70.325316
759 21 40 10.857803 117.891896
760 16 25 9.875974 97.534856
760 21 40 10.246830 104.997525
761 16 25 10.066857 101.341604
761 21 40 10.234290 104.740701
762 16 25 9.974129 99.483241
762 21 40 12.072749 145.751269
763 16 25 10.582402 111.987225
763 21 40 11.119169 123.635916
764 16 25 10.993170 120.849796
764 21 40 11.180022 124.992901
765 16 25 12.035304 144.848549
765 21 40 9.404344 88.441681
766 16 25 11.035470 121.781600
766 21 40 10.758151 115.737804
767 16 25 11.638678 135.458829
767 21 40 11.056475 122.245641
768 16 25 10.288189 105.846825
768 21 40 10.606573 112.499396
769 16 25 10.868368 118.121429
769 21 40 10.390320 107.958744
770 16 25 10.421033 108.597921
770 21 40 10.178775 103.607464
771 16 25 10.081007 101.626701
771 21 40 9.622485 92.592216
772 16 25 9.956966 99.141176
772 21 40 10.937588 119.630829
773 16 25 10.580109 111.938701
773 21 40 11.408548 130.154961
774 16 25 11.276471 127.158804
774 21 40 11.480270 131.796596
775 16 25 10.899227 118.793156
775 21 40 9.818356 96.400109
776 16 25 11.290443 127.474109
776 21 40 11.575984 134.003401
777 16 25 12.302520 151.352001
777 21 40 10.231213 104.677729
778 16 25 12.115800 146.792600
778 21 40 9.023277 81.419525
779 16 25 9.452597 89.351584
779 21 40 8.270897 68.407741
780 16 25 10.211110 104.266764
780 21 40 8.679471 75.333224
781 16 25 9.583455 91.842604
781 21 40 9.056402 82.018409
782 16 25 8.999976 80.999564
782 21 40 9.023491 81.423389
783 16 25 9.396380 88.291956
783 21 40 9.607105 92.296461
784 16 25 10.184328 103.720536
785 16 25 10.576363 111.859464
786 16 25 12.029648 144.712425
787 16 25 10.585667 112.056344
788 16 25 10.619886 112.781984
788 21 40 10.401614 108.193581
789 16 25 10.368180 107.499161
789 21 40 10.423471 108.648749
790 16 25 11.245801 126.468041
790 21 40 11.167265 124.707809
791 16 25 12.075676 145.821961
791 21 40 12.199030 148.816329
792 16 25 11.530032 132.941644
792 21 40 11.231708 126.151256
793 16 25 11.943639 142.650504
793 21 40 12.725679 161.942904
794 16 25 11.316718 128.068096
794 21 40 11.639538 135.478856
795 16 25 11.041302 121.910356
795 21 40 12.608572 158.976081
796 16 25 10.363564 107.403464
796 21 40 11.255534 126.687056
797 21 40 11.224776 125.995604
798 21 40 11.817420 139.651425
799 21 40 11.574930 133.979000
800 21 40 11.755814 138.199169
801 21 40 12.479930 155.748649
802 21 40 12.306607 151.452584
803 21 40 11.062970 122.389309
804 21 40 11.613464 134.872549
805 21 40 12.165466 147.998569
806 21 40 10.403119 108.224884
806 22 27 13.908654 193.450644
807 21 40 10.363781 107.407956
807 22 27 13.242158 175.354761
808 21 40 11.319562 128.132481
808 22 27 12.657617 160.215274
809 21 40 11.308696 127.886616
809 22 27 13.153760 173.021401
810 21 40 10.802938 116.703461
810 22 27 10.721005 114.939951
811 21 40 11.750182 138.066776
811 22 27 10.800085 116.641846
812 22 27 11.315638 128.043670
813 22 27 10.816742 117.001902
814 22 27 11.700853 136.909967
815 22 27 11.775953 138.673067
816 22 27 12.101477 146.445755
817 22 27 9.993601 99.872061
818 22 27 10.315128 106.401862
819 22 27 10.365221 107.437802
820 22 27 9.735846 94.786700
821 22 27 8.542393 72.972480
822 22 27 9.730315 94.679037
823 22 27 9.936521 98.734444
824 22 27 9.666696 93.445010
825 22 27 8.574405 73.520426
826 22 27 9.107617 82.948679
827 22 27 8.924235 79.641965
828 22 27 8.573484 73.504629
829 22 27 9.079748 82.441815
830 22 27 8.860236 78.503786
831 22 27 9.503847 90.323114
832 22 27 9.628684 92.711554
833 22 27 8.523020 72.641865
834 22 27 8.879695 78.848981
837 25 38 12.327033 151.955736
838 25 38 11.613496 134.873281
839 25 38 12.694063 161.139225
840 25 38 12.178595 148.318169
841 25 38 11.235932 126.246164
842 25 38 10.462403 109.461876
843 25 38 11.637009 135.419969
844 25 38 12.213548 149.170761
845 25 38 11.745429 137.955096
846 25 38 10.854670 117.823864
847 25 38 11.227181 126.049604
848 25 38 11.391809 129.773316
849 25 38 11.084408 122.864101
850 25 38 11.347576 128.767481
851 25 38 11.254667 126.667529
852 25 38 10.934340 119.559800
853 25 38 10.442779 109.051629
854 25 38 11.074816 122.651541
855 25 38 10.537954 111.048464
856 25 38 9.753086 95.122681
859 25 38 11.051245 122.130025
860 25 38 11.126767 123.804941
861 25 38 12.243597 149.905656
862 25 38 12.332529 152.091261
863 25 38 12.471297 155.533256
864 25 38 11.959743 143.035461
865 25 38 11.688781 136.627604
866 3 4 11.095983 123.120830
866 25 38 11.645746 135.623400
867 3 4 12.119849 146.890737
867 25 38 11.181329 125.022129
868 3 4 11.615399 134.917490
868 25 38 12.036720 144.882625
869 3 4 11.534682 133.048900
869 25 38 10.474649 109.718264
870 3 4 10.854812 117.826941
870 25 38 11.422455 130.472469
871 3 4 12.261545 150.345485
871 25 38 11.637239 135.425329
872 3 4 10.557226 111.455014
872 25 38 12.956212 167.863425
873 3 4 11.592353 134.382658
873 25 38 11.599778 134.554856
874 3 4 11.750433 138.072676
874 25 38 12.592780 158.578100
875 3 4 11.873085 140.970149
875 25 38 12.282090 150.849741
876 3 4 12.276295 150.707409
876 25 38 11.494577 132.125304
877 3 4 12.113735 146.742585
877 25 38 10.108344 102.178621
878 3 4 12.193774 148.688133
878 25 38 10.965697 120.246521
879 3 4 11.791066 139.029233
879 25 38 11.472452 131.617149
880 3 4 11.430313 130.652054
880 25 38 12.489074 155.976981
881 3 4 10.417434 108.522941
881 25 38 12.194634 148.709089
882 3 4 9.552815 91.256280
882 25 38 11.753450 138.143576
883 3 4 10.747180 115.501877
883 25 38 12.569204 157.984900
884 3 4 11.230803 126.130938
884 25 38 12.363320 152.851681
885 2 37 10.779642 116.200676
885 3 4 10.760129 115.780385
885 25 38 13.286655 176.535204
886 2 37 10.350692 107.136818
886 3 4 10.478286 109.794485
886 25 38 12.469808 155.496100
887 2 37 11.517994 132.664189
887 3 4 10.997814 120.951913
887 25 38 13.468116 181.390156
888 2 37 10.047012 100.942452
888 3 4 9.227766 85.151660
888 25 38 12.435964 154.653196
889 2 37 10.500249 110.255225
889 3 4 9.522679 90.681421
889 25 38 13.089820 171.343400
890 2 37 12.741660 162.349905
890 3 4 11.461066 131.356025
890 25 38 13.520579 182.806064
891 2 37 10.093705 101.882885
891 3 4 12.486109 155.902925
891 25 38 13.312604 177.225421
892 2 37 13.212458 174.569057
892 3 4 12.787373 163.516910
892 25 38 12.376756 153.184100
893 2 37 12.404007 153.859401
893 3 4 13.112566 171.939376
893 25 38 12.118871 146.867025
894 3 4 12.537705 157.194036
894 25 38 11.846418 140.337625
895 3 4 11.288313 127.426017
895 25 38 11.177245 124.930801
896 3 4 8.732107 76.249693
896 25 38 12.031238 144.750689
897 3 4 10.400193 108.164016
897 25 38 11.530113 132.943500
898 3 4 10.860385 117.947956
898 25 38 11.386927 129.662116
899 3 4 10.756474 115.701726
899 25 38 10.943606 119.762516
900 3 4 10.996173 120.915830
900 25 38 11.243800 126.423044
901 3 4 11.143538 124.178430
901 25 38 11.914670 141.959364
902 3 4 11.533066 133.011620
902 25 38 12.423362 154.339925
903 2 37 10.629076 112.977252
903 3 4 11.008220 121.180900
903 25 38 12.484652 155.866541
904 2 37 10.807824 116.809056
904 3 4 9.554394 91.286441
904 25 38 13.160917 173.209749
905 2 37 10.243740 104.934213
905 3 4 11.186787 125.144193
905 25 38 12.426428 154.416116
906 2 37 12.904593 166.528517
906 3 4 13.082095 171.141197
906 25 38 11.676729 136.346001
907 2 37 11.104140 123.301922
907 3 4 11.605904 134.697005
907 25 38 10.479135 109.812264
908 2 37 10.532398 110.931412
908 3 4 12.554939 157.626504
908 25 38 11.586223 134.240564
909 2 37 10.831926 117.330617
909 3 4 12.276152 150.703917
910 2 37 11.808202 139.433625
910 3 4 11.566972 133.794830
910 16 25 11.615807 134.926961
911 2 37 12.961502 168.000530
911 3 4 12.988782 168.708449
911 16 25 10.422458 108.627624
912 2 37 12.251510 150.099486
912 3 4 12.535581 157.140785
912 16 25 10.363001 107.391789
913 2 37 11.181223 125.019748
913 3 4 11.326826 128.296996
913 16 25 9.655000 93.219025
914 2 37 10.918844 119.221145
914 3 4 10.521957 110.711585
914 16 25 10.365396 107.441424
915 2 37 11.076597 122.691012
915 3 4 13.578902 184.386586
915 16 25 9.562762 91.446424
916 3 4 11.939226 142.545128
916 16 25 12.573340 158.088881
917 3 4 12.161088 147.892058
917 16 25 12.702868 161.362861
917 19 32 13.033130 169.862484
918 3 4 11.677913 136.373645
918 16 25 10.912743 119.087961
918 19 32 13.641924 186.102089
919 3 4 12.192253 148.651045
919 16 25 11.500167 132.253841
919 19 32 13.670809 186.891025
920 3 4 10.524350 110.761941
920 16 25 10.323411 106.572821
920 19 32 13.293103 176.706598
921 3 4 10.244511 104.950001
921 16 25 11.596081 134.469089
921 19 32 13.384857 179.154401
922 16 25 13.024844 169.646561
922 19 32 13.181568 173.753725
923 16 25 12.748982 162.536536
923 19 32 13.429820 180.360070
924 19 32 13.247886 175.506484
925 19 32 13.492049 182.035384
926 19 32 11.425893 130.551029
927 19 32 11.685735 136.556409
928 19 32 9.473662 89.750270
929 19 32 9.480149 89.873225
930 19 32 11.048340 122.065825
931 19 32 11.395289 129.852616
932 19 32 10.827714 117.239400
933 19 32 10.942658 119.741769
934 19 32 10.689500 114.265400
935 19 32 12.867995 165.585290
936 19 32 12.223069 149.403425
937 19 32 11.245785 126.467681
938 19 32 12.622175 159.319296
939 19 32 12.920892 166.949457
940 19 32 11.954408 142.907865
941 19 32 12.785088 163.458473
942 19 32 12.661281 160.308045
943 19 32 13.351125 178.252526
944 3 4 12.115098 146.775606
944 19 32 13.652466 186.389841
945 3 4 11.887863 141.321289
945 19 32 12.425069 154.382337
946 3 4 12.911985 166.719352
946 19 32 14.398857 207.327089
947 3 4 12.002691 144.064581
947 19 32 12.374524 153.128834
948 3 4 12.230984 149.596964
948 19 32 12.708579 161.507969
949 3 4 11.537984 133.125069
949 19 32 12.089742 146.161860
950 3 4 10.305774 106.208980
950 19 32 12.382449 153.325050
951 3 4 12.018786 144.451216
951 19 32 12.529323 156.983944
952 3 4 11.882291 141.188850
952 19 32 13.521628 182.834429
953 19 32 11.968680 143.249300
954 19 32 11.101591 123.245321
955 19 32 12.158214 147.822169
956 19 32 11.038454 121.847465
957 19 32 11.399344 129.945053
958 19 32 11.714568 137.231101
966 2 33 11.192419 125.270234
967 2 33 10.823925 117.157362
967 3 4 13.338961 177.927884
968 2 33 11.950378 142.811525
968 3 4 13.006935 169.180366
968 19 32 12.193821 148.689269
969 2 33 11.969248 143.262909
969 19 32 13.017438 169.453697
970 2 33 12.121895 146.940331
970 19 32 12.413367 154.091684
971 2 33 11.627276 135.193553
971 19 32 12.700250 161.296350
972 2 33 12.801065 163.867275
972 19 32 12.145717 147.518445
973 2 33 12.782218 163.385089
973 19 32 12.275835 150.696125
974 2 33 12.492404 156.060169
974 19 32 11.773374 138.612337
975 19 32 12.151926 147.669297
976 19 32 11.205475 125.562669
977 19 32 12.834729 164.730265
978 19 32 11.740640 137.842621
979 19 32 12.683030 160.859241
980 19 32 11.940705 142.580437
981 2 33 10.937354 119.625705
981 19 32 12.327369 151.964030
982 2 33 12.142005 147.428280
982 19 32 12.962030 168.014217
983 2 33 11.532717 133.003565
984 2 33 13.513498 182.614626
985 2 33 12.420383 154.265909
986 2 33 13.468795 181.408437
987 2 33 13.118282 172.089320
988 2 33 13.450063 180.904206
989 2 33 12.179522 148.340748
990 2 33 13.913726 193.591785
991 2 33 12.744015 162.409929
992 2 33 12.791181 163.614318
993 2 33 11.691666 136.695047
994 2 33 12.288933 151.017886
995 2 33 12.884067 165.999190
996 2 33 11.282420 127.293000
997 2 33 12.847254 165.051930
998 2 33 10.725547 115.037361
999 2 33 13.056780 170.479495
