# frame  R_idx  L_idx   Re    Re2
0 7 16 14.013240 196.370908
0 9 10 14.709970 216.383204
0 19 26 14.017518 196.490804
0 24 25 15.024294 225.729425
1 7 16 13.992723 195.796304
1 9 10 14.852432 220.594725
1 19 26 14.435023 208.369881
1 24 25 15.306248 234.281225
2 7 16 14.737094 217.181945
2 9 10 14.554171 211.823904
2 19 26 13.492078 182.036169
2 24 25 14.889485 221.696756
3 7 16 15.186695 230.635716
3 9 10 14.093793 198.635000
3 19 26 14.250778 203.084661
3 24 25 14.886531 221.608809
4 7 16 14.797676 218.971222
4 9 10 14.498023 210.192661
4 19 26 14.807393 219.258901
4 24 25 14.871775 221.169704
5 7 16 14.671592 215.255625
5 9 10 15.187064 230.646900
5 19 26 14.617133 213.660589
5 24 25 14.936260 223.091864
6 9 10 14.414220 207.769749
6 19 26 15.281643 233.528624
6 24 25 14.410177 207.653189
7 9 10 14.650500 214.637149
7 19 26 15.422481 237.852925
7 24 25 15.293855 233.902004
8 9 10 14.474288 209.505000
8 19 26 14.755688 217.730324
8 24 25 14.794962 218.890889
9 7 16 15.315517 234.565057
9 9 10 14.501867 210.304136
9 19 26 14.865209 220.974444
9 24 25 14.385661 206.947229
10 7 16 15.138929 229.187177
10 9 10 14.454796 208.941125
10 19 26 14.387857 207.010424
10 24 25 14.768597 218.111444
11 7 16 15.054884 226.649520
11 9 10 14.737265 217.186969
11 19 26 14.867514 221.042961
11 24 25 14.019793 196.554584
12 7 16 14.781357 218.488519
12 9 10 14.561054 212.024300
12 19 26 14.315235 204.925964
12 24 25 14.730020 216.973481
13 7 16 14.400873 207.385153
13 9 10 14.532058 211.180709
13 19 26 14.894513 221.846525
13 24 25 13.913716 193.591500
14 7 16 14.611837 213.505792
14 9 10 14.927080 222.817716
14 19 26 15.027565 225.827700
15 7 16 14.488359 209.912533
15 9 10 13.756702 189.246849
15 19 26 14.895158 221.865725
16 7 16 14.815697 219.504888
16 9 10 14.167601 200.720925
16 19 26 15.361314 235.969956
17 7 16 14.700670 216.109713
17 9 10 13.147900 172.867284
17 19 26 15.033647 226.010529
18 7 16 14.467809 209.317510
18 9 10 13.564762 184.002761
18 19 26 14.967779 224.034404
18 24 25 15.300038 234.091169
19 7 16 14.550089 211.705100
19 9 10 13.726377 188.413416
19 19 26 15.531521 241.228136
19 24 25 14.911369 222.348929
20 7 16 15.726101 247.310240
20 9 10 15.139759 229.212300
20 19 26 15.228521 231.907864
20 24 25 14.664107 215.036021
21 7 16 15.179613 230.420659
21 9 10 14.314024 204.891284
21 19 26 15.033347 226.001509
21 24 25 14.951603 223.550424
22 7 16 16.133929 260.303675
22 9 10 14.051478 197.444025
22 19 26 14.897754 221.943084
22 24 25 15.113114 228.406224
23 7 16 14.432615 208.300377
23 9 10 14.445052 208.659529
23 19 26 14.854636 220.660200
23 24 25 14.619789 213.738221
24 7 16 14.683093 215.593217
24 9 10 15.136925 229.126500
24 19 26 15.392089 236.916400
24 24 25 14.947454 223.426376
25 7 16 14.604999 213.305985
25 9 10 15.078438 227.359281
25 19 26 14.840075 220.227825
25 24 25 14.971490 224.145509
26 7 16 14.928900 222.872068
26 9 10 15.873406 251.965025
26 19 26 15.831538 250.637600
26 24 25 15.532105 241.246284
27 7 16 14.248231 203.012084
27 9 10 14.805855 219.213341
27 19 26 14.229572 202.480709
27 24 25 14.664810 215.056661
28 7 16 15.069511 227.090154
28 9 10 13.647978 186.267309
28 19 26 14.850337 220.532500
28 24 25 14.083508 198.345209
29 7 16 14.583924 212.690850
29 9 10 14.244099 202.894356
29 19 26 15.461365 239.053816
29 24 25 13.976506 195.342725
30 9 10 13.834940 191.405576
30 19 26 15.196327 230.928341
30 24 25 14.744085 217.388049
31 9 10 14.969130 224.074856
31 19 26 15.121292 228.653469
31 24 25 14.799130 219.014241
32 9 10 15.424952 237.929144
32 19 26 14.939695 223.194500
32 24 25 15.140913 229.247261
33 9 10 15.528479 241.133669
33 19 26 13.389891 179.289176
33 24 25 14.794210 218.868664
34 9 10 15.381379 236.586825
34 19 26 14.856950 220.728969
34 24 25 15.168125 230.072001
35 9 10 14.676744 215.406804
35 19 26 14.969908 224.098136
35 24 25 15.625723 244.163209
36 9 10 14.965670 223.971276
36 19 26 14.846464 220.417496
36 24 25 15.599695 243.350469
37 9 10 15.058085 226.745924
37 19 26 15.125528 228.781600
37 24 25 14.633426 214.137164
38 19 26 15.062621 226.882564
38 24 25 14.334779 205.485881
39 18 21 14.485978 209.843549
39 19 26 15.306486 234.288504
39 24 25 15.355865 235.802600
40 18 21 13.983889 195.549161
40 19 26 15.074620 227.244161
40 24 25 14.643214 214.423704
41 18 21 13.639677 186.040781
41 19 26 14.907451 222.232084
41 24 25 15.501617 240.300141
42 18 21 14.668004 215.150329
42 19 26 15.480485 239.645425
42 24 25 15.316523 234.595864
43 18 21 14.145547 200.096500
43 19 26 15.257038 232.777204
43 24 25 14.488734 209.923400
44 18 21 14.118353 199.327889
44 19 26 14.704659 216.227000
44 24 25 15.614962 243.827049
45 18 21 13.098128 171.560968
45 24 25 14.208047 201.868600
46 0 9 14.135341 199.807869
46 18 21 13.735213 188.656069
46 24 25 14.176892 200.984264
47 0 9 13.703108 187.775161
47 18 21 14.430299 208.233516
47 24 25 14.583309 212.672896
48 0 9 14.948081 223.445129
48 18 21 13.962938 194.963649
48 24 25 14.852176 220.587124
49 0 9 14.293827 204.313496
49 18 21 15.143027 229.311269
49 24 25 14.625392 213.902100
50 0 9 14.948295 223.451536
50 18 21 15.323174 234.799661
50 24 25 14.535013 211.266604
51 0 9 14.028309 196.793449
51 18 21 14.930550 222.921321
51 24 25 14.933213 223.000856
52 0 9 12.564782 157.873749
52 18 21 14.266996 203.547161
52 24 25 14.579352 212.557496
53 0 9 13.502537 182.318500
53 18 21 12.685999 160.934564
53 24 25 15.071374 227.146301
54 18 21 13.444961 180.766977
54 24 25 15.499638 240.238769
55 8 9 14.679319 215.482405
55 18 21 13.435266 180.506376
55 24 25 14.821128 219.665836
56 8 9 14.988849 224.665586
56 18 21 13.655923 186.484232
56 24 25 15.230909 231.980600
57 8 9 13.740315 188.796248
57 24 25 14.604390 213.288204
58 8 9 15.006022 225.180697
58 24 25 14.866322 221.007525
59 8 9 15.545547 241.664042
59 24 25 14.764724 217.997089
60 8 9 14.409433 207.631758
60 24 25 15.174601 230.268525
61 8 9 13.339090 177.931332
61 15 22 13.433948 180.470961
61 24 25 14.889159 221.687049
62 8 9 14.835695 220.097857
62 14 27 14.023854 196.668485
62 15 22 13.454641 181.027376
62 24 25 15.029020 225.871444
63 8 9 14.327086 205.265388
63 14 27 14.652456 214.694472
63 15 22 13.854176 191.938196
63 24 25 15.179530 230.418125
64 8 9 13.679541 187.129854
64 14 27 14.330208 205.354861
64 15 22 14.455995 208.975800
64 24 25 15.183542 230.539944
65 8 9 14.547109 211.618368
65 14 27 12.130875 147.158117
65 15 22 14.791265 218.781524
65 24 25 14.447429 208.728216
66 8 9 14.718413 216.631677
66 15 22 15.232574 232.031301
66 24 25 14.740993 217.296869
67 8 9 13.693810 187.520438
67 15 22 15.480496 239.645744
67 24 25 14.191080 201.386756
68 8 9 14.232261 202.557246
68 15 22 15.050065 226.504456
68 24 25 14.191328 201.393800
69 8 9 14.157036 200.421666
69 14 27 12.691504 161.074262
69 15 22 15.116817 228.518164
69 24 25 14.196870 201.551125
70 8 9 13.503148 182.335000
70 14 27 14.333846 205.459129
70 15 22 15.499339 240.229516
70 24 25 13.886419 192.832625
71 8 9 13.776902 189.803024
71 14 27 14.364121 206.327985
71 15 22 14.411544 207.692600
71 24 25 14.951060 223.534196
72 14 27 14.798154 218.985357
72 15 22 15.592942 243.139844
72 24 25 14.626549 213.935944
73 14 27 14.797505 218.966160
73 15 22 14.355240 206.072909
73 24 25 16.034333 257.099844
74 14 27 13.559255 183.853409
74 15 22 14.391924 207.127464
75 14 27 14.872797 221.200076
75 15 22 14.099618 198.799224
76 14 27 14.634377 214.164993
76 15 22 14.970001 224.100929
77 14 27 15.449615 238.690604
77 15 22 14.369260 206.475624
78 14 27 14.450087 208.805016
78 15 22 14.076513 198.148229
79 14 27 14.035603 196.998156
79 15 22 13.774405 189.734244
80 14 27 14.370329 206.506356
80 15 22 14.062084 197.742200
81 14 27 14.873703 221.227029
81 15 22 13.628042 185.723521
82 14 27 14.915505 222.472276
82 15 22 14.970288 224.109525
83 14 27 14.213199 202.015021
83 15 22 14.597884 213.098216
84 14 27 14.395462 207.229325
84 15 22 14.538435 211.366089
85 14 27 14.576955 212.487630
85 15 22 15.169595 230.116600
86 14 27 13.635578 185.928980
86 15 22 15.043092 226.294625
87 14 27 14.782897 218.534032
87 15 22 15.379364 236.524844
88 14 27 14.269994 203.632721
88 15 22 14.709181 216.360004
89 14 27 14.576692 212.479941
89 15 22 14.102563 198.882296
90 7 16 15.170217 230.135478
90 14 27 14.742834 217.351157
90 15 22 14.510083 210.542504
91 7 16 14.694855 215.938772
91 14 27 15.120407 228.626708
91 15 22 14.505154 210.399500
92 7 16 14.607811 213.388153
92 14 27 14.557728 211.927449
92 15 22 14.883616 221.522016
93 7 16 14.749666 217.552636
93 14 27 13.487737 181.919037
93 15 22 14.809804 219.330289
94 7 16 15.238964 232.226010
94 14 27 14.358903 206.178101
94 15 22 14.531255 211.157376
95 7 16 13.920892 193.791242
95 14 27 14.743687 217.376309
95 15 22 13.899555 193.197636
96 7 16 14.474975 209.524896
96 14 27 13.956355 194.779856
96 15 22 14.802693 219.119725
97 7 16 14.588124 212.813353
97 14 27 13.843321 191.637524
97 15 22 14.700176 216.095184
98 7 16 15.435991 238.269830
98 14 27 14.977403 224.322604
98 15 22 13.694475 187.538649
99 7 16 15.511839 240.617145
99 14 27 14.033645 196.943201
99 15 22 14.164571 200.635084
100 7 16 15.639013 244.578735
100 14 27 14.692822 215.879009
100 15 22 14.612669 213.530101
101 7 16 15.132217 228.984002
101 14 27 14.556288 211.885506
101 15 22 15.309345 234.376056
102 7 16 14.591427 212.909734
102 14 27 15.172544 230.206077
102 15 22 14.629453 214.020900
103 7 16 14.913721 222.419086
103 14 27 14.537120 211.327864
103 15 22 14.460290 209.100000
104 7 16 14.463385 209.189501
104 14 27 14.121637 199.420625
104 15 22 14.793874 218.858700
105 14 27 14.322657 205.138509
105 15 22 15.377302 236.461421
105 24 25 15.197414 230.961396
106 14 27 14.443329 208.609741
106 15 22 14.948821 223.467236
106 24 25 14.337264 205.557149
107 14 27 14.636250 214.219800
107 15 22 15.135181 229.073696
107 24 25 13.964774 195.014901
108 14 27 14.822890 219.718069
108 15 22 15.174865 230.276516
108 24 25 13.760376 189.347961
109 14 27 15.134484 229.052621
109 15 22 15.424731 237.922325
109 24 25 13.989008 195.692344
110 14 27 14.673927 215.324136
110 15 22 15.817738 250.200844
110 24 25 13.618512 185.463864
111 6 7 14.463433 209.190893
111 14 27 14.953376 223.603441
111 15 22 14.937746 223.136244
111 24 25 13.897878 193.151016
112 6 7 14.814458 219.468164
112 14 27 15.006813 225.204425
112 15 22 14.708890 216.351436
112 24 25 13.078440 171.045584
113 6 7 14.516278 210.722323
113 14 27 14.916381 222.498429
113 15 22 14.944429 223.335956
113 24 25 14.642523 214.403489
114 6 7 13.949659 194.592974
114 14 27 15.412779 237.553764
114 15 22 15.396919 237.065100
114 24 25 14.314901 204.916396
115 6 7 13.665879 186.756241
115 14 27 15.167835 230.063229
115 15 22 14.636701 214.233025
115 24 25 15.091604 227.756525
116 6 7 13.995781 195.881886
116 8 9 14.217484 202.136849
116 14 27 14.899156 221.984864
116 15 22 14.371592 206.542656
116 24 25 14.341894 205.689925
117 6 7 13.458136 181.121420
117 8 9 15.474010 239.445000
117 14 27 14.959988 223.801241
117 15 22 14.883783 221.526989
117 24 25 13.639373 186.032509
118 6 7 14.692026 215.855637
118 8 9 13.835914 191.432504
118 14 27 14.592622 212.944616
118 15 22 15.010197 225.306000
118 24 25 12.690142 161.039716
119 6 7 15.611435 243.716914
119 8 9 14.534128 211.240881
119 14 27 14.662603 214.991921
119 15 22 14.544639 211.546521
119 24 25 13.541691 183.377400
120 6 7 15.365947 236.112337
120 8 9 14.936503 223.099124
120 14 27 14.220370 202.218936
120 15 22 14.843672 220.334584
120 24 25 13.600946 184.985741
121 6 7 14.678711 215.464568
121 8 9 13.976464 195.341558
121 14 27 14.319176 205.038809
121 15 22 15.350177 235.627924
121 24 25 14.046678 197.309169
122 6 7 15.209683 231.334453
122 8 9 14.667273 215.128901
122 14 27 13.890061 192.933796
122 15 22 14.950233 223.509464
122 24 25 12.929946 167.183500
123 6 7 15.098692 227.970489
123 8 9 14.781691 218.498400
123 14 27 14.965760 223.973969
123 15 22 14.226693 202.398796
123 24 25 14.272207 203.695889
124 6 7 14.615896 213.624405
124 8 9 14.425470 208.094184
124 14 27 14.493703 210.067425
124 15 22 12.361888 152.816276
124 24 25 14.223505 202.308081
125 6 7 14.742432 217.339316
125 8 9 14.462629 209.167629
125 14 27 14.534279 211.245256
125 15 22 13.436139 180.529821
125 24 25 14.870622 221.135384
126 6 7 14.923666 222.715796
126 8 9 15.063719 226.915625
126 14 27 15.016695 225.501124
126 15 22 14.112552 199.164136
126 24 25 15.006876 225.206321
127 6 7 14.348094 205.867800
127 8 9 15.047523 226.427956
127 14 27 14.733079 217.063621
127 15 22 14.463606 209.195909
127 24 25 15.764496 248.519336
128 6 7 15.321855 234.759249
128 8 9 15.065112 226.957600
128 14 27 14.884346 221.543749
128 24 25 14.666814 215.115425
129 6 7 14.659973 214.914818
129 8 9 15.236569 232.153025
129 14 27 15.040822 226.226325
129 24 25 15.329348 234.988900
130 6 7 14.489291 209.939544
130 8 9 15.842015 250.969424
130 14 27 14.473837 209.491961
130 24 25 14.486147 209.848461
131 5 18 14.429233 208.202769
131 6 7 14.987669 224.630237
131 8 9 14.827177 219.845176
131 14 27 14.898396 221.962201
131 24 25 14.567339 212.207369
132 5 18 13.770872 189.636918
132 6 7 14.596937 213.070573
132 8 9 14.619836 213.739609
132 14 27 14.888357 221.663169
132 24 25 13.265553 175.974900
133 5 18 14.773765 218.264133
133 6 7 14.514123 210.659780
133 8 9 15.055614 226.671524
133 14 27 13.573401 184.237224
133 24 25 12.290737 151.062225
134 5 18 14.375166 206.645406
134 6 7 15.168331 230.078280
134 8 9 15.780730 249.031445
134 14 27 14.153111 200.310541
134 22 23 15.546905 241.706244
134 24 25 13.721071 188.267781
135 5 18 14.045053 197.263508
135 6 7 14.733772 217.084049
135 8 9 15.886711 252.387574
135 14 27 14.309092 204.750125
135 22 23 13.354266 178.336424
136 5 18 14.490360 209.970536
136 6 7 14.495801 210.128253
136 8 9 15.272840 233.259656
136 14 27 15.778416 248.958409
136 22 23 14.348068 205.867064
137 5 18 13.303765 176.990173
137 6 7 14.137516 199.869346
137 8 9 15.293609 233.894468
137 14 27 15.075549 227.272169
137 22 23 13.036764 169.957221
138 5 18 13.539175 183.309266
138 6 7 14.938959 223.172505
138 8 9 15.129839 228.912037
138 14 27 14.788974 218.713764
138 22 23 14.172523 200.860404
139 5 18 14.228399 202.447329
139 6 7 15.258087 232.809220
139 8 9 15.361257 235.968212
139 14 27 15.472867 239.409625
139 22 23 14.630040 214.038081
140 5 18 14.513728 210.648293
140 6 7 14.940728 223.225349
140 8 9 14.488280 209.910244
140 14 27 15.208469 231.297525
140 22 23 14.561322 212.032100
141 5 18 13.626352 185.677466
141 6 7 13.620280 185.512037
141 8 9 15.018299 225.549305
141 14 27 14.348459 205.878284
141 22 23 13.891963 192.986644
142 5 18 13.447618 180.838440
142 6 7 14.566933 212.195526
142 8 9 14.308157 204.723350
142 14 27 14.152408 200.290664
142 15 22 15.297695 234.019481
143 6 7 14.012230 196.342584
143 8 9 13.533039 183.143141
143 14 27 14.633817 214.148600
143 15 22 14.379106 206.758696
144 6 7 13.554993 183.737830
144 8 9 14.616840 213.652006
144 14 27 13.392386 179.356000
144 15 22 13.669003 186.841656
145 6 7 12.852202 165.179108
145 8 9 12.755630 162.706100
145 14 27 15.240198 232.263624
145 15 22 13.944779 194.456856
146 6 7 13.111513 171.911762
146 8 9 14.612623 213.528765
146 14 27 14.447317 208.724964
146 15 22 15.074108 227.228741
147 6 7 12.628353 159.475301
147 8 9 14.586048 212.752790
147 14 27 14.637454 214.255069
147 15 22 14.680012 215.502756
148 6 7 12.679253 160.763462
148 8 9 14.921577 222.653453
148 14 27 14.792320 218.812744
148 15 22 14.711677 216.433444
149 5 18 14.204262 201.761050
149 6 7 13.262008 175.880865
149 8 9 14.727900 216.911025
149 14 27 15.096914 227.916825
149 15 22 14.368769 206.461521
150 5 18 14.677430 215.426954
150 6 7 12.003928 144.094285
150 8 9 14.194935 201.496169
150 14 27 14.185221 201.220500
150 15 22 14.342146 205.697141
151 5 18 14.519276 210.809364
151 6 7 12.043761 145.052180
151 8 9 14.635612 214.201124
151 14 27 12.903652 166.504244
151 15 22 14.574537 212.417124
152 4 11 15.189847 230.731441
152 5 18 15.130983 228.946646
152 6 7 13.609783 185.226205
152 8 9 15.046880 226.408596
152 14 27 12.205617 148.977076
152 15 22 14.139057 199.912941
153 4 11 14.562455 212.065109
153 5 18 14.226921 202.405285
153 6 7 13.567345 184.072838
153 8 9 14.734630 217.109316
153 14 27 12.676691 160.698500
153 15 22 14.575328 212.440184
154 4 11 15.621225 244.022681
154 5 18 14.224525 202.337118
154 6 7 12.562221 157.809409
154 8 9 14.711058 216.415229
154 15 22 14.636633 214.231021
155 4 11 14.958309 223.751000
155 5 18 14.486588 209.861228
155 6 7 14.144802 200.075412
155 8 9 14.658258 214.864521
155 15 22 14.982195 224.466164
156 4 11 14.633713 214.145549
156 5 18 14.713011 216.472694
156 6 7 13.887779 192.870417
156 8 9 15.054041 226.624136
156 15 22 15.024885 225.747156
157 4 11 13.845085 191.686381
157 5 18 14.470585 209.397833
157 6 7 13.813201 190.804534
157 15 22 15.408186 237.412200
158 4 11 14.506293 210.432525
158 5 18 13.561936 183.926102
158 6 7 12.649220 160.002777
158 15 22 14.013514 196.378564
159 4 11 13.631641 185.821629
159 5 18 14.763198 217.952009
159 6 7 13.063007 170.642148
159 15 22 13.456545 181.078609
160 4 11 14.746523 217.459944
160 5 18 14.276640 203.822446
160 6 7 15.067367 227.025560
160 15 22 14.518537 210.787924
161 4 11 14.968114 224.044424
161 5 18 14.960451 223.815089
161 6 7 14.455361 208.957452
161 15 22 13.707777 187.903156
162 4 11 15.368781 236.199425
162 5 18 15.125844 228.791150
162 6 7 14.468958 209.350753
162 14 27 13.218673 174.733325
162 15 22 13.514903 182.652616
162 20 23 15.054178 226.628289
163 4 11 15.344155 235.443101
163 5 18 15.414221 237.598218
163 6 7 14.099700 198.801540
163 14 27 11.746318 137.975976
163 15 22 14.899257 221.987861
163 20 23 15.115940 228.491636
164 4 11 15.519975 240.869609
164 5 18 14.236152 202.668030
164 6 7 14.909203 222.284322
164 14 27 13.415909 179.986624
164 15 22 14.538429 211.365929
164 20 23 15.442041 238.456616
165 4 11 14.802875 219.125101
165 5 18 14.298347 204.442715
165 6 7 15.712792 246.891830
165 14 27 13.252339 175.624500
165 15 22 14.723747 216.788721
165 20 23 15.282818 233.564524
166 4 11 15.345944 235.497996
166 5 18 13.953741 194.706897
166 6 7 14.932154 222.969225
166 14 27 15.064397 226.936049
166 15 22 14.647771 214.557209
166 20 23 14.770260 218.160584
167 4 11 15.206784 231.246281
167 5 18 13.415856 179.985202
167 14 27 14.458896 209.059681
167 15 22 14.198753 201.604584
167 20 23 15.778292 248.954504
168 4 11 15.083881 227.523476
168 5 18 13.161135 173.215469
168 14 27 14.306374 204.672349
168 15 22 13.471678 181.486096
168 20 23 14.821061 219.663861
169 4 11 15.319362 234.682856
169 5 18 13.728049 188.459317
169 14 27 14.879453 221.398136
169 15 22 14.508585 210.499029
169 20 23 15.158409 229.777361
170 4 11 14.494678 210.095700
170 5 18 14.397725 207.294478
170 14 27 14.557573 211.922924
170 15 22 14.325871 205.230584
170 20 23 14.225085 202.353036
171 4 11 14.707859 216.321129
171 5 18 13.681956 187.195925
171 14 27 14.514945 210.683636
171 15 22 15.762666 248.461625
171 20 23 14.787084 218.657849
172 4 11 14.276654 203.822841
172 5 18 13.429794 180.359373
172 14 27 13.997997 195.943921
172 15 22 14.578593 212.535361
172 20 23 14.351192 205.956701
173 1 12 14.052918 197.484509
173 4 11 15.363448 236.035544
173 5 18 12.459092 155.228974
173 6 7 14.255493 203.219076
173 14 27 13.265463 175.972516
173 15 22 14.995219 224.856589
173 20 23 13.845969 191.710856
174 1 12 12.610528 159.025424
174 4 11 14.757324 217.778600
174 5 18 14.449836 208.797770
174 6 7 13.535439 183.208120
174 14 27 14.151365 200.261141
174 15 22 14.834916 220.074725
174 20 23 14.092299 198.592896
175 1 12 14.102390 198.877401
175 4 11 15.074305 227.234669
175 5 18 14.963367 223.902362
175 6 7 13.556520 183.779237
175 14 27 13.487572 181.914596
175 15 22 14.252983 203.147524
175 20 23 14.549166 211.678224
176 1 12 15.187247 230.652469
176 4 11 15.424966 237.929576
176 5 18 12.999778 168.994226
176 6 7 13.018594 169.483796
176 14 27 14.032254 196.904149
176 15 22 14.163190 200.595941
176 20 23 13.720625 188.255561
177 1 12 13.663406 186.688661
177 4 11 15.551556 241.850901
177 5 18 14.012377 196.346714
177 6 7 13.759697 189.329265
177 14 27 14.201796 201.691016
177 15 22 14.540388 211.422881
177 20 23 14.032908 196.922516
178 1 12 13.888701 192.896024
178 4 11 14.171746 200.838381
178 5 18 13.392754 179.365865
178 6 7 14.456488 208.990050
178 14 27 13.616466 185.408136
178 15 22 14.567473 212.211269
178 20 23 13.350183 178.227384
179 1 12 14.030216 196.846964
179 4 11 14.632194 214.101109
179 5 18 13.857229 192.022809
179 6 7 13.449792 180.896897
179 14 27 14.287970 204.146084
179 15 22 14.753946 217.678929
180 1 12 13.860876 192.123896
180 4 11 14.820047 219.633796
180 5 18 13.991518 195.762586
180 6 7 14.496931 210.160997
180 14 27 13.936852 194.235844
180 15 22 15.195657 230.908000
181 1 12 13.378514 178.984625
181 4 11 14.760971 217.886276
181 5 18 13.612233 185.292881
181 6 7 13.087558 171.284162
181 14 27 13.583837 184.520616
181 15 22 15.265799 233.044625
182 1 12 13.550759 183.623081
182 4 11 15.274984 233.325124
182 5 18 14.213636 202.027437
182 6 7 11.979921 143.518509
182 14 27 13.208417 174.462284
182 15 22 14.548355 211.654644
183 1 12 12.836368 164.772341
183 4 11 15.032595 225.978921
183 5 18 13.322719 177.494835
183 6 7 13.263124 175.910445
183 14 27 13.838381 191.500789
183 15 22 14.156257 200.399625
184 1 12 14.109888 199.088949
184 4 11 14.029942 196.839269
184 5 18 13.952221 194.664477
184 6 7 14.427665 208.157512
184 14 27 13.654934 186.457221
184 15 22 14.453101 208.892141
185 1 12 13.944172 194.439944
185 4 11 15.283553 233.586984
185 5 18 14.313570 204.878280
185 6 7 12.929093 167.161446
185 14 27 12.543405 157.337000
185 15 22 14.403727 207.467361
186 1 12 13.511276 182.554584
186 4 11 14.994378 224.831361
186 5 18 13.749102 189.037814
186 6 7 11.976827 143.444376
186 14 27 13.268164 176.044184
186 15 22 14.658518 214.872141
187 1 12 13.851894 191.874969
187 4 11 14.646126 214.509000
187 5 18 11.653951 135.814584
187 6 7 12.935068 167.315974
187 14 27 13.084799 171.211961
187 15 22 14.956968 223.710904
188 1 12 13.152759 172.995069
188 5 18 13.641418 186.088293
188 6 7 14.599042 213.132025
188 14 27 15.086953 227.616141
188 15 22 14.312793 204.856044
189 5 18 12.563587 157.843726
189 6 7 14.998086 224.942585
189 14 27 13.529355 183.043449
189 15 22 14.810480 219.350324
189 20 23 14.542993 211.498641
190 5 18 12.986952 168.660923
190 6 7 13.685057 187.280798
190 14 27 14.527575 211.050444
190 15 22 12.796432 163.748681
190 20 23 13.577206 184.340525
190 24 25 14.408727 207.611400
191 5 18 13.779722 189.880726
191 6 7 13.238650 175.261865
191 14 27 13.050315 170.310729
191 15 22 13.474116 181.551796
191 20 23 14.179607 201.061261
191 24 25 14.290057 204.205716
192 1 12 14.760357 217.868136
192 5 18 14.110581 199.108509
192 6 7 13.828786 191.235336
192 14 27 13.872221 192.438509
192 15 22 12.844762 164.987901
192 20 23 14.676125 215.388641
192 24 25 13.672546 186.938525
193 1 12 15.647606 244.847584
193 5 18 14.035743 197.002072
193 6 7 14.720077 216.680664
193 14 27 14.757106 217.772189
193 15 22 12.796829 163.758836
193 20 23 15.085635 227.576369
193 24 25 13.605131 185.099589
194 1 12 15.289552 233.770409
194 5 18 14.709247 216.361959
194 6 7 13.622762 185.579633
194 14 27 14.664231 215.039681
194 15 22 13.068547 170.786925
194 20 23 13.879629 192.644101
194 24 25 13.461539 181.213041
195 1 12 12.861418 165.416064
195 5 18 14.041809 197.172401
195 6 7 13.953484 194.699721
195 14 27 15.201566 231.087596
195 15 22 13.410235 179.834416
195 20 23 13.543130 183.416364
195 24 25 13.773624 189.712716
196 1 12 14.504180 210.371224
196 5 18 14.276597 203.821221
196 6 7 14.671467 215.251949
196 14 27 14.496638 210.152504
196 15 22 13.778512 189.847396
196 20 23 13.703237 187.778700
196 24 25 14.460608 209.109176
197 1 12 13.482575 181.779821
197 5 18 13.520620 182.807156
197 6 7 14.628800 214.001802
197 14 27 13.847332 191.748600
197 15 22 14.606426 213.347669
197 20 23 14.757009 217.769304
197 24 25 14.752289 217.630024
198 1 12 14.652712 214.701956
198 5 18 14.172660 200.864301
198 6 7 14.311742 204.825958
198 14 27 14.099086 198.784221
198 15 22 13.282069 176.413364
198 20 23 13.616241 185.402016
198 24 25 15.146353 229.412001
199 1 12 14.390978 207.100256
199 5 18 12.409805 154.003254
199 6 7 15.320366 234.713606
199 14 27 15.017943 225.538625
199 15 22 13.254942 175.693496
199 24 25 15.081689 227.457329
200 1 12 14.160615 200.523025
200 5 18 14.969468 224.084971
200 6 7 14.011043 196.309325
200 14 27 14.338638 205.596536
200 15 22 13.796632 190.347041
200 24 25 13.959004 194.853804
201 1 12 13.743250 188.876921
201 5 18 13.194206 174.087066
201 6 7 14.961885 223.858017
201 14 27 15.083982 227.526516
201 15 22 14.681041 215.532964
201 24 25 14.642132 214.392021
202 1 12 13.549997 183.602425
202 5 18 14.032930 196.923115
202 6 7 14.695830 215.967405
202 14 27 13.392255 179.352500
202 15 22 13.950746 194.623301
202 24 25 14.815233 219.491129
203 1 12 11.870982 140.920225
203 5 18 13.136674 172.572214
203 6 7 14.444654 208.648025
203 14 27 13.985992 195.607969
203 15 22 14.768649 218.112984
203 24 25 15.320686 234.723425
204 1 12 12.994120 168.847161
204 5 18 14.213618 202.026929
204 6 7 13.947178 194.523765
204 14 27 13.834387 191.390261
204 15 22 14.777267 218.367621
204 24 25 15.562295 242.185024
205 1 12 13.873138 192.463956
205 5 18 13.947846 194.542417
205 6 7 13.789771 190.157781
205 14 27 14.850738 220.544425
205 15 22 14.902411 222.081844
205 24 25 15.161795 229.880025
206 1 12 14.255518 203.219784
206 5 18 14.347515 205.851185
206 6 7 15.313334 234.498213
206 14 27 13.721766 188.286849
206 15 22 13.667444 186.799025
206 24 25 14.336909 205.546964
207 1 12 12.987969 168.687336
207 5 18 13.488545 181.940846
207 6 7 14.143796 200.046954
207 14 27 14.578845 212.542721
207 15 22 13.659198 186.573701
207 24 25 14.601902 213.215529
208 1 12 14.627483 213.963269
208 5 18 14.229751 202.485803
208 6 7 13.529249 183.040579
208 14 27 14.278156 203.865749
208 15 22 13.765987 189.502409
208 24 25 14.786401 218.637656
209 1 12 14.465500 209.250701
209 5 18 12.919192 166.905534
209 6 7 14.272714 203.710374
209 14 27 13.120912 172.158329
209 15 22 15.078638 227.365309
209 24 25 14.547537 211.630841
210 1 12 15.126079 228.798261
210 5 18 12.346108 152.426386
210 6 7 13.542057 183.387301
210 14 27 12.993729 168.837000
210 15 22 15.492595 240.020500
210 24 25 14.067664 197.899176
211 1 12 14.600898 213.186225
211 5 18 11.975879 143.421676
211 6 7 14.462017 209.149946
211 14 27 13.641958 186.103029
211 15 22 14.373316 206.592201
211 24 25 14.632600 214.112984
212 1 12 14.644051 214.448225
212 5 18 12.997466 168.934133
212 6 7 13.094002 171.452876
212 14 27 13.410209 179.833704
212 15 22 15.599201 243.335076
212 16 19 13.859428 192.083741
212 24 25 14.254300 203.185076
213 5 18 12.264384 150.415114
213 6 7 14.364039 206.325630
213 14 27 12.663443 160.362801
213 15 22 15.150196 229.528436
213 16 19 14.546881 211.611741
213 24 25 14.121890 199.427784
214 5 18 13.432599 180.434708
214 6 7 15.129557 228.903496
214 14 27 13.112848 171.946776
214 15 22 14.490445 209.972996
214 16 19 14.849416 220.505164
214 24 25 13.753252 189.151949
215 5 18 14.586335 212.761178
215 6 7 13.295747 176.776897
215 14 27 12.538178 157.205900
215 15 22 14.548081 211.646649
215 16 19 14.949792 223.496281
215 24 25 13.458687 181.136244
216 5 18 13.962582 194.953691
216 6 7 14.868239 221.064532
216 14 27 12.431795 154.549529
216 15 22 14.052082 197.461004
216 16 19 13.453467 180.995784
216 24 25 13.251691 175.607325
217 1 12 14.458461 209.047084
217 5 18 14.810433 219.348912
217 6 7 13.939623 194.313092
217 14 27 12.987410 168.672824
217 16 19 14.044365 197.244176
217 24 25 14.305567 204.649236
218 1 12 15.033665 226.011084
218 5 18 14.509267 210.518843
218 6 7 14.655429 214.781590
218 14 27 13.141009 172.686129
218 16 19 14.213347 202.019236
218 24 25 14.571286 212.322389
219 1 12 14.787124 218.659049
219 5 18 14.474955 209.524325
219 6 7 14.705376 216.248070
219 14 27 12.749753 162.556196
219 16 19 15.549727 241.794004
219 24 25 13.302800 176.964500
220 1 12 14.473533 209.483161
220 5 18 13.545066 183.468821
220 6 7 14.618805 213.709462
220 14 27 14.415401 207.803800
220 16 19 15.291640 233.834264
220 24 25 15.023020 225.691124
221 1 12 14.280629 203.936369
221 5 18 14.728201 216.919906
221 6 7 12.796305 163.745426
221 14 27 13.816600 190.898429
221 16 19 14.892230 221.778500
221 24 25 14.915650 222.476609
222 1 12 13.366991 178.676441
222 5 18 14.481851 209.723994
222 6 7 12.920711 166.944779
222 16 19 13.625574 185.656269
222 24 25 15.335991 235.192625
223 1 12 14.883633 221.522541
223 5 18 14.439513 208.499545
223 6 7 13.157452 173.118541
223 13 14 13.258483 175.787384
223 16 19 12.325681 151.922400
223 24 25 14.720345 216.688544
224 1 12 13.629602 185.766061
224 5 18 15.240763 232.280857
224 6 7 13.754288 189.180430
224 13 14 13.636497 185.954056
224 16 19 12.856412 165.287341
224 24 25 14.238154 202.725016
225 1 12 13.895093 193.073601
225 5 18 13.275335 176.234530
225 6 7 14.119582 199.362585
225 13 14 11.371424 129.309284
225 16 19 13.893090 193.017944
225 24 25 13.100605 171.625841
226 1 12 13.703743 187.792564
226 5 18 14.514642 210.674834
226 6 7 13.862750 192.175841
226 13 14 13.549274 183.582829
226 16 19 15.164165 229.951896
226 24 25 13.946657 194.509241
227 1 12 13.259572 175.816244
227 5 18 12.951971 167.753565
227 6 7 13.190669 173.993742
227 13 14 13.324565 177.544024
227 16 19 14.499498 210.235444
227 24 25 14.608668 213.413189
228 1 12 14.210725 201.944696
228 5 18 12.341219 152.305688
228 6 7 13.660906 186.620360
228 13 14 14.579027 212.548025
228 16 19 14.690220 215.802564
228 24 25 14.374401 206.623416
229 1 12 12.992805 168.812969
229 5 18 12.624444 159.376590
229 13 14 14.874871 221.261781
229 16 19 13.973855 195.268629
229 24 25 14.080019 198.246925
230 1 12 14.164860 200.643261
230 5 18 13.636171 185.945171
230 13 14 14.345095 205.781761
230 16 19 15.004501 225.135061
230 24 25 13.137995 172.606904
231 1 12 12.139286 147.362261
231 5 18 14.359402 206.192428
231 13 14 14.341825 205.687949
231 16 19 13.916225 193.661321
231 24 25 13.579051 184.390625
232 1 12 12.417985 154.206356
232 5 18 13.774930 189.748683
232 13 14 14.016637 196.466109
232 16 19 13.967929 195.103041
232 24 25 14.755177 217.715261
233 1 12 12.381107 153.291816
233 5 18 14.714062 216.503610
233 13 14 14.584394 212.704544
233 16 19 14.043756 197.227096
233 17 20 14.766471 218.048661
233 24 25 14.960879 223.827896
234 1 12 11.959213 143.022781
234 5 18 15.286257 233.669645
234 16 19 14.158981 200.476741
234 17 20 15.612243 243.742116
234 24 25 14.137740 199.875684
235 1 12 13.042599 170.109401
235 6 7 13.776265 189.785469
235 16 19 14.507830 210.477141
235 17 20 15.717957 247.054169
235 24 25 13.425616 180.247176
236 1 12 14.351806 205.974344
236 6 7 13.902088 193.268046
236 16 19 14.919577 222.593789
236 17 20 14.602872 213.243876
236 24 25 13.509033 182.493981
237 1 12 14.703487 216.192536
237 6 7 13.570249 184.151656
237 16 19 14.502054 210.309569
237 17 20 14.556752 211.899041
237 24 25 14.150645 200.240744
238 1 12 15.061972 226.862996
238 6 7 14.248680 203.024872
238 10 11 14.687961 215.736196
238 16 19 14.682577 215.578056
238 17 20 14.073152 198.053609
238 24 25 13.556312 183.773600
239 1 12 13.297989 176.836524
239 6 7 13.292078 176.679331
239 10 11 14.847491 220.448001
239 16 19 15.480543 239.647225
239 17 20 15.427946 238.021509
239 24 25 14.883463 221.517476
240 1 12 13.474287 181.556421
240 6 7 13.770076 189.614997
240 10 11 15.143050 229.311956
240 16 19 13.429074 180.340025
240 17 20 15.071931 227.163089
240 24 25 13.230823 175.054676
241 1 12 13.572606 184.215636
241 6 7 14.607074 213.366614
241 10 11 15.505629 240.424521
241 16 19 14.609253 213.430269
241 24 25 14.516374 210.725121
242 1 12 14.790782 218.767241
242 6 7 14.373440 206.595770
242 10 11 14.552299 211.769400
242 13 14 12.223397 149.411425
242 16 19 14.201344 201.678184
242 24 25 14.228807 202.458949
243 1 12 12.661419 160.311521
243 6 7 13.786915 190.079025
243 10 11 15.208479 231.297844
243 13 14 13.283140 176.441808
243 16 19 13.207832 174.446829
243 24 25 13.841645 191.591144
244 1 12 12.954565 167.820756
244 6 7 13.978522 195.399086
244 10 11 14.340540 205.651081
244 13 14 13.322949 177.500981
244 16 19 14.933868 223.020404
244 24 25 14.400274 207.367889
245 1 12 12.951455 167.740196
245 6 7 13.080606 171.102260
245 13 14 13.545089 183.469425
245 16 19 14.530926 211.147796
245 24 25 14.088932 198.498009
246 1 12 14.824146 219.755301
246 6 7 12.574521 158.118572
246 10 11 14.964570 223.938349
246 13 14 12.598886 158.731924
246 16 19 14.250937 203.089200
246 24 25 14.909572 222.295341
247 1 12 14.827746 219.862049
247 6 7 13.855511 191.975176
247 10 11 14.186899 201.268100
247 13 14 11.604883 134.673300
247 16 19 14.424224 208.058225
247 24 25 14.505909 210.421384
248 1 12 13.762424 189.404325
248 6 7 12.334593 152.142185
248 10 11 13.812352 190.781061
248 13 14 10.705873 114.615725
248 16 19 14.273267 203.726141
248 24 25 13.939610 194.312736
249 1 12 14.587011 212.780900
249 6 7 13.515572 182.670694
249 10 11 15.632409 244.372200
249 13 14 12.687806 160.980421
249 16 19 14.594989 213.013704
249 24 25 14.939979 223.202981
250 1 12 13.591400 184.726161
250 6 7 13.557855 183.815429
250 13 14 12.485207 155.880400
250 16 19 14.280791 203.941000
250 24 25 14.996740 224.902200
251 1 12 14.514516 210.671161
251 6 7 14.383596 206.887832
251 13 14 13.839241 191.524600
251 16 19 15.018136 225.544421
251 24 25 15.386487 236.743976
252 1 12 14.097578 198.741696
252 6 7 13.502955 182.329785
252 16 19 14.208478 201.880861
252 24 25 13.087560 171.284236
253 1 12 13.950626 194.619956
253 6 7 14.229036 202.465478
253 16 19 14.025825 196.723764
253 24 25 13.360643 178.506789
254 1 12 15.118933 228.582125
254 6 7 15.484816 239.779529
254 16 19 13.783912 189.996236
254 24 25 14.680427 215.514944
255 1 12 13.218960 174.740916
255 6 7 14.983091 224.493005
255 16 19 13.589675 184.679261
255 24 25 13.892121 192.991025
256 1 12 14.652429 214.693676
256 6 7 13.763101 189.422953
256 16 19 12.925036 167.056564
256 24 25 13.723940 188.346516
257 1 12 13.937064 194.241761
257 6 7 13.717493 188.169625
257 16 19 13.503558 182.346084
257 24 25 14.103834 198.918129
258 1 12 15.149551 229.508900
258 6 7 13.315301 177.297245
258 16 19 12.507353 156.433869
258 24 25 15.841539 250.954349
259 1 12 15.457939 238.947884
259 6 7 12.692286 161.094121
259 10 29 15.462361 239.084600
259 16 19 14.008804 196.246600
259 24 25 14.853505 220.626600
260 1 12 14.721217 216.714225
260 6 7 12.693247 161.118513
260 10 29 15.464372 239.146809
260 16 19 12.083671 146.015109
260 24 25 14.933104 222.997609
261 1 12 14.080523 198.261124
261 6 7 12.683360 160.867622
261 10 29 14.238649 202.739129
261 16 19 14.324969 205.204725
261 24 25 14.936733 223.106000
262 1 12 13.640003 186.049684
262 10 29 15.368260 236.183409
262 17 20 15.607604 243.597300
262 24 25 15.678015 245.800169
263 1 12 13.284275 176.471969
263 10 29 15.095376 227.870369
263 17 20 15.366064 236.115929
263 24 25 14.875571 221.282625
264 1 12 14.477197 209.589225
264 10 29 15.772980 248.786900
264 17 20 15.176801 230.335300
264 24 25 15.535098 241.339264
265 1 12 14.005205 196.145769
265 10 29 15.744911 247.902225
265 17 20 14.602247 213.225624
265 24 25 14.910830 222.332856
266 1 12 14.924749 222.748125
266 10 29 14.609741 213.444525
266 17 20 14.272587 203.706749
266 24 25 14.888633 221.671404
267 1 12 15.048495 226.457216
267 10 29 15.578780 242.698400
267 24 25 14.754178 217.685781
268 10 29 15.163746 229.939204
268 24 25 13.272928 176.170625
269 10 29 14.941247 223.240869
269 24 25 13.600513 184.973956
270 10 29 15.062799 226.887925
270 24 25 14.711780 216.436461
271 10 29 14.496167 210.138869
271 24 25 14.753499 217.665725
272 1 26 12.604738 158.879421
272 10 29 14.433695 208.331541
272 24 25 14.144589 200.069384
273 1 26 12.514636 156.616125
273 10 29 15.456304 238.897344
274 1 26 12.814191 164.203481
274 10 29 15.174939 230.278784
275 1 26 13.505410 182.396100
275 3 22 14.660108 214.918764
275 10 29 14.782798 218.531124
276 1 26 14.504183 210.371316
276 3 22 14.754658 217.699925
276 6 7 14.634580 214.170920
276 10 29 14.901535 222.055741
277 1 26 13.741370 188.825256
277 3 22 15.267015 233.081736
277 6 7 14.321972 205.118870
277 16 19 13.039958 170.040516
278 1 26 14.028871 196.809224
278 3 22 14.493898 210.073076
278 6 7 14.683265 215.598258
278 16 19 14.590482 212.882156
279 1 26 13.188632 173.940004
279 3 22 11.450643 131.117225
279 6 7 14.637622 214.259974
279 16 19 15.062973 226.893141
280 1 26 15.157480 229.749200
280 3 22 13.366041 178.651061
280 6 7 14.606466 213.348858
280 10 29 13.814711 190.846244
280 16 19 15.747486 247.983304
281 1 26 14.470620 209.398829
281 3 22 12.947208 167.630200
281 6 7 14.778870 218.414994
281 10 29 15.123856 228.731009
281 16 19 15.112580 228.390081
282 1 26 14.058896 197.652564
282 3 22 13.657311 186.522136
282 6 7 14.489518 209.946125
282 10 29 13.780675 189.907016
282 16 19 14.398306 207.311225
283 1 26 14.922431 222.678941
283 6 7 14.459370 209.073384
283 10 29 14.213030 202.010225
283 16 19 14.074508 198.091781
284 1 26 14.723849 216.791736
284 6 7 14.534309 211.246145
284 10 29 15.159534 229.811464
284 16 19 13.047868 170.246849
285 1 26 15.382713 236.627856
285 6 7 14.739845 217.263044
285 10 29 14.479227 209.648009
285 16 19 13.550154 183.606669
286 1 26 14.795782 218.915156
286 4 11 15.391741 236.905700
286 6 7 15.189631 230.724885
286 10 29 13.698037 187.636225
286 12 25 12.863103 165.459416
286 16 19 12.973348 168.307761
287 1 26 14.511007 210.569336
287 4 11 15.306037 234.274756
287 6 7 15.008089 225.242749
287 10 29 14.135092 199.800829
287 12 25 15.315450 234.563000
287 16 19 15.383785 236.660841
287 22 27 14.857623 220.748949
288 1 26 14.125841 199.539389
288 4 11 14.190265 201.363624
288 6 7 15.272509 233.249529
288 10 29 14.910272 222.316221
288 12 25 15.206795 231.246609
288 16 19 14.940023 223.204289
288 22 27 14.477218 209.589829
289 1 26 13.531468 183.100625
289 4 11 14.929681 222.895384
289 10 29 14.250976 203.090316
289 12 25 14.825665 219.800344
289 16 19 14.033279 196.932909
289 22 27 13.485727 181.864836
290 1 26 13.108636 171.836341
290 4 11 14.868933 221.085161
290 10 29 13.715113 188.104325
290 12 25 14.245034 202.920996
290 16 19 15.085742 227.579621
290 22 27 14.175335 200.940116
291 1 26 12.975234 168.356709
291 4 11 14.645098 214.478900
291 10 29 13.920996 193.794129
291 12 25 14.292629 204.279244
291 16 19 15.015104 225.453361
291 22 27 14.780238 218.455425
292 1 26 13.074930 170.953789
292 4 11 15.436500 238.285525
292 10 29 13.818396 190.948064
292 12 25 14.549179 211.678596
292 16 19 14.980681 224.420801
292 22 27 15.399955 237.158601
293 1 26 14.178929 201.042024
293 4 11 14.270779 203.655141
293 10 29 13.207072 174.426756
293 12 25 14.691121 215.829029
293 16 19 13.967042 195.078261
293 22 27 14.789168 218.719500
294 1 26 14.484157 209.790801
294 4 11 14.132460 199.726425
294 10 29 12.719995 161.798264
294 12 25 14.609111 213.426116
294 16 19 14.383324 206.880004
294 22 27 15.116043 228.494769
295 1 26 14.167513 200.718425
295 4 11 14.085091 198.389801
295 10 29 13.353551 178.317325
295 12 25 13.717718 188.175789
295 16 19 14.100277 198.817816
295 22 27 15.291178 233.820136
296 1 26 14.048500 197.360341
296 4 11 13.920071 193.768376
296 10 29 13.907925 193.430369
296 12 25 15.400414 237.172761
296 16 19 15.112308 228.381844
296 22 27 14.984664 224.540161
297 1 26 14.865313 220.977544
297 4 11 14.540928 211.438584
297 10 29 14.084210 198.364964
297 12 25 14.408419 207.602525
297 16 19 14.250078 203.064725
297 22 27 13.900174 193.214829
298 1 26 14.449021 208.774200
298 4 11 15.302408 234.163684
298 10 29 13.751682 189.108761
298 12 25 15.218229 231.594489
298 16 19 14.299556 204.477300
298 22 27 14.303567 204.592036
299 1 26 14.927068 222.817364
299 4 11 14.568817 212.250425
299 10 29 13.558573 183.834904
299 12 25 14.871531 221.162424
299 16 19 15.188735 230.697676
299 22 27 14.294265 204.326021
300 1 26 14.306772 204.683729
300 4 11 14.644618 214.464825
300 10 29 12.230128 149.576021
300 12 25 14.745711 217.436000
300 22 27 14.483357 209.767624
301 1 26 14.223008 202.293969
301 4 11 14.314867 204.915409
301 10 29 12.138189 147.335625
301 12 25 15.306821 234.298761
301 22 27 14.204097 201.756369
302 1 26 13.613618 185.330601
302 4 11 14.179736 201.064900
302 10 29 12.103972 146.506144
302 12 25 15.467996 239.258901
302 22 27 13.165240 173.323556
303 1 26 14.695799 215.966504
303 4 11 13.663595 186.693836
303 10 29 13.436282 180.533676
303 12 25 14.792856 218.828584
303 22 27 14.929148 222.879464
304 1 26 13.707947 187.907816
304 4 11 14.243823 202.886496
304 10 29 13.162209 173.243736
304 12 25 15.107764 228.244525
304 22 27 13.990463 195.733044
305 1 26 14.297941 204.431124
305 4 11 12.864679 165.499961
305 12 25 14.501346 210.289025
305 22 27 12.979337 168.463176
306 1 26 13.390921 179.316776
306 4 11 14.422924 208.020725
306 12 25 14.358582 206.168884
307 1 26 14.002033 196.056929
307 4 11 14.472787 209.461556
307 12 25 13.860305 192.108041
308 1 26 14.277162 203.837369
308 4 11 14.302590 204.564084
308 12 25 13.783931 189.996749
309 1 26 14.285857 204.085716
309 4 11 14.362474 206.280656
309 12 25 14.651488 214.666101
310 1 26 15.482930 239.721125
310 4 11 14.209229 201.902189
310 10 29 14.351948 205.978409
310 12 25 14.846999 220.433384
311 1 26 13.004243 169.110344
311 4 11 15.011139 225.334301
311 10 29 15.596503 243.250900
311 12 25 14.032246 196.903924
312 1 26 12.937903 167.389325
312 4 11 14.959399 223.783621
312 10 29 14.990893 224.726861
312 12 25 14.635467 214.196904
313 1 26 13.142951 172.737149
313 4 11 14.210898 201.949624
313 10 29 13.829140 191.245109
313 12 25 15.446861 238.605509
314 1 26 13.471930 181.492889
314 4 11 14.286686 204.109389
314 10 29 13.966208 195.054969
314 12 25 14.248159 203.010041
315 1 26 13.161897 173.235524
315 4 11 15.489120 239.912844
315 10 29 13.988743 195.684929
315 12 25 14.914276 222.435616
316 1 26 11.249001 126.540025
316 4 11 15.354947 235.774409
316 10 29 14.476608 209.572189
316 12 25 14.113940 199.203296
317 1 26 12.634427 159.628756
317 4 11 14.625766 213.913025
317 10 29 14.809633 219.325216
317 12 25 13.295937 176.781944
318 1 26 14.445069 208.660024
318 4 11 15.741510 247.795124
318 10 29 14.227831 202.431161
318 12 25 14.695466 215.956724
319 1 26 14.487471 209.886825
319 4 11 13.312109 177.212244
319 10 29 14.803635 219.147624
319 12 25 14.110260 199.099429
320 1 26 13.487439 181.911001
320 4 11 14.914249 222.434836
320 10 29 14.332673 205.425524
320 12 25 14.815323 219.493809
321 4 11 13.723216 188.326661
321 10 29 14.861276 220.857524
321 12 25 14.556222 211.883600
322 4 11 14.141226 199.974276
322 10 29 15.157902 229.762004
322 12 25 15.539690 241.481976
323 4 11 13.642582 186.120041
323 10 29 15.081761 227.459525
323 12 25 14.117125 199.293225
323 26 27 13.485408 181.856229
324 10 29 15.136334 229.108600
324 12 25 14.777866 218.385325
324 26 27 14.191517 201.399161
325 10 29 14.934531 223.040216
325 26 27 14.107061 199.009184
326 10 29 14.870641 221.135961
326 12 25 15.524549 241.011621
326 26 27 12.664718 160.395089
327 10 29 15.579907 242.733516
327 12 25 14.519956 210.829136
328 1 22 14.867094 221.030489
328 10 29 15.381915 236.603304
328 12 25 15.515993 240.746029
329 1 22 14.087514 198.458061
329 10 29 15.116166 228.498464
329 12 25 14.860852 220.844936
330 1 22 15.497842 240.183109
330 10 29 14.155264 200.371509
330 12 25 15.348811 235.585989
331 1 22 15.049990 226.502184
331 10 29 14.962426 223.874181
331 12 25 14.498341 210.201881
332 1 22 14.887788 221.646221
332 10 29 14.881775 221.467225
332 12 25 16.131686 260.231304
333 1 22 15.145165 229.376025
333 10 29 13.805022 190.578636
333 12 25 14.844087 220.346924
334 1 22 14.428055 208.168776
334 10 29 14.486362 209.854676
334 12 25 15.425168 237.935800
335 1 22 14.880940 221.442384
335 10 29 14.559863 211.989624
335 12 25 14.664086 215.035409
336 1 22 14.570900 212.311116
336 10 29 14.270026 203.633644
336 12 25 14.637122 214.245344
337 1 22 13.177154 173.637400
337 12 25 13.647102 186.243400
338 1 22 14.044825 197.257100
338 12 25 14.914899 222.454221
339 1 22 14.249858 203.058449
339 10 11 14.162742 200.583249
339 12 25 15.753452 248.171249
340 1 22 14.100867 198.834456
340 10 11 14.343303 205.730341
340 12 25 13.783672 189.989609
341 10 11 14.401259 207.396249
341 12 25 14.717923 216.617269
342 10 11 14.806624 219.236100
342 12 25 15.397434 237.080984
343 10 11 15.949667 254.391876
343 12 25 14.622292 213.811425
344 10 11 14.174903 200.927876
344 13 22 14.342235 205.699704
345 10 11 12.972918 168.296600
345 13 22 13.421767 180.143816
346 10 11 14.824891 219.777400
346 13 22 13.233451 175.124216
347 10 11 14.350772 205.944644
347 13 22 14.428254 208.174500
348 10 11 13.690140 187.419944
348 13 22 15.083422 227.509621
349 10 11 13.788308 190.117425
349 13 22 13.951002 194.630444
350 10 11 13.926359 193.943476
350 12 25 15.039753 226.194181
350 13 22 14.102718 198.886664
351 12 25 14.267278 203.555225
351 13 22 15.564183 242.243801
352 12 25 14.735081 217.122600
352 13 22 13.359343 178.472056
353 12 25 13.136882 172.577676
353 13 22 12.732881 162.126249
354 12 25 12.953510 167.793416
354 13 22 12.839597 164.855241
355 13 22 11.464866 131.443144
356 12 25 13.525282 182.933249
356 13 22 13.374548 178.878521
357 12 25 14.662883 215.000125
358 12 25 15.267902 233.108824
359 10 29 14.820793 219.655916
359 12 25 15.138039 229.160236
360 10 29 14.988805 224.664261
360 12 25 15.522335 240.942881
361 10 29 15.270098 233.175889
361 12 25 15.597699 243.288225
362 10 29 14.676394 215.396541
362 12 25 14.594147 212.989136
363 10 29 14.403425 207.458649
363 12 25 15.138330 229.169025
364 1 26 13.273703 176.191204
364 10 29 14.037452 197.050064
364 12 25 14.500879 210.275501
365 1 26 14.583175 212.668984
365 10 29 13.255029 175.695796
365 12 25 14.199918 201.637676
366 1 26 13.356294 178.390584
366 10 29 12.297806 151.236036
366 12 25 14.669291 215.188089
367 1 26 13.439533 180.621049
367 10 29 13.535971 183.222504
367 12 25 13.826174 191.163101
368 1 26 14.408490 207.604589
368 10 29 14.376642 206.687849
368 12 25 14.407697 207.581744
369 1 26 13.071372 170.860756
369 10 29 14.249117 203.037324
369 12 25 13.812089 190.773800
370 1 26 14.601890 213.215181
370 10 29 13.359095 178.465425
370 12 25 14.147963 200.164861
371 1 26 14.963804 223.915441
371 10 29 14.724463 216.809796
371 12 25 14.504441 210.378800
372 1 26 15.469248 239.297621
372 10 29 14.733502 217.076084
372 12 25 15.064429 226.937021
373 1 26 15.460287 239.020461
373 8 9 15.918143 253.387286
373 10 29 13.923197 193.855409
373 12 25 15.875073 252.017929
374 1 26 14.241711 202.826336
374 8 9 15.156397 229.716360
374 10 29 14.517525 210.758525
374 12 25 14.853943 220.639616
375 1 26 13.729604 188.502025
375 8 9 15.355041 235.777289
375 10 29 14.897175 221.925809
375 12 25 13.961637 194.927321
376 1 26 15.436767 238.293789
376 8 9 15.619465 243.967694
376 10 29 14.717910 216.616889
376 12 25 13.739933 188.785764
377 1 26 15.368154 236.180144
377 8 9 14.956505 223.697054
377 10 29 15.172825 230.214609
377 12 25 14.558587 211.952461
378 1 26 15.411644 237.518776
378 8 9 13.737122 188.708517
378 10 29 15.610182 243.677781
378 12 25 15.050051 226.504024
379 1 26 13.336027 177.849604
379 8 9 15.066300 226.993400
379 10 29 14.260456 203.360600
379 12 25 13.980336 195.449784
380 1 26 14.742832 217.351089
380 8 9 14.893302 221.810456
380 10 29 14.173754 200.895309
380 12 25 13.905398 193.360084
381 1 26 13.841659 191.591521
381 8 9 14.380206 206.790325
381 10 29 14.572007 212.343381
381 12 25 14.587762 212.802801
382 1 26 14.160632 200.523496
382 8 9 14.868315 221.066801
382 10 29 15.143574 229.327829
382 12 25 14.669208 215.185649
383 1 26 14.037828 197.060625
383 8 9 15.503520 240.359121
383 10 29 14.606797 213.358529
383 12 25 14.752851 217.646625
384 1 26 14.718179 216.624804
384 8 9 15.457300 238.928109
384 12 25 13.677375 187.070600
385 1 26 13.822619 191.064800
385 8 9 14.224012 202.322504
385 12 25 14.576143 212.463944
385 19 22 14.085369 198.397629
386 1 26 14.719067 216.650925
386 8 9 14.751936 217.619601
386 12 25 14.566419 212.180564
387 1 26 14.883869 221.529544
387 8 9 15.182684 230.513900
387 12 25 14.905065 222.160961
388 1 26 15.419876 237.772589
388 8 9 15.236503 232.151025
388 12 25 14.715512 216.546281
389 8 9 14.695555 215.959349
389 12 25 14.635138 214.187261
390 1 26 14.457549 209.020721
390 8 9 14.970922 224.128500
390 12 25 15.352387 235.695781
391 1 26 14.799366 219.021225
391 8 9 15.261287 232.906884
391 12 25 15.475840 239.501609
392 1 26 14.077980 198.189521
392 8 9 15.230480 231.967524
392 12 25 14.956180 223.687321
393 1 26 13.049297 170.284161
393 8 9 15.371346 236.278264
393 12 25 15.750219 248.069400
394 1 26 12.457584 155.191400
394 8 9 14.473155 209.472221
394 12 25 14.640050 214.331064
395 1 26 13.991016 195.748536
395 8 9 13.988439 195.676421
395 12 25 14.589040 212.840081
396 1 26 14.907724 222.240236
396 8 9 13.589587 184.676876
396 11 20 14.243958 202.890336
396 12 25 15.628467 244.248981
397 1 26 12.572489 158.067481
397 8 9 14.235763 202.656961
397 11 20 14.634868 214.179364
397 12 25 14.902886 222.096004
398 1 26 12.983282 168.565624
398 8 9 14.824420 219.763416
398 11 20 13.964144 194.997316
398 12 25 13.876487 192.556889
399 1 26 13.973613 195.261849
399 8 9 14.937952 223.142409
399 11 20 14.339190 205.612361
399 12 25 15.816712 250.168376
400 1 26 14.191749 201.405741
400 8 9 14.938870 223.169849
400 11 20 14.981306 224.439521
400 12 25 14.571903 212.340361
401 1 26 14.776555 218.346581
401 8 9 13.325471 177.568189
401 11 20 13.842565 191.616616
401 12 25 15.217888 231.584100
402 1 26 15.157358 229.745504
402 8 9 14.644802 214.470221
402 11 20 13.723899 188.345396
402 12 25 14.445984 208.686461
403 1 26 13.129920 172.394789
403 8 9 14.629778 214.030400
403 11 20 14.818991 219.602500
403 12 25 14.877010 221.325425
404 1 26 14.736228 217.156424
404 8 9 14.633805 214.148244
404 11 20 14.024533 196.687529
404 12 25 15.112361 228.383456
405 1 26 14.080776 198.268261
405 8 9 14.507682 210.472829
405 11 20 13.519217 182.769236
405 12 25 15.121612 228.663141
406 1 26 14.026816 196.751564
406 8 9 15.498732 240.210701
406 12 25 15.118038 228.555069
407 8 9 14.626339 213.929804
407 12 25 15.027854 225.836381
408 8 9 14.343950 205.748914
408 12 25 14.616837 213.651925
409 8 9 13.436594 180.542054
409 11 20 13.810579 190.732101
409 12 25 13.762445 189.404900
410 8 9 14.087322 198.452654
410 11 20 14.705110 216.240264
410 12 25 14.401152 207.393181
411 1 26 13.286678 176.535800
411 8 9 14.021768 196.609989
411 12 25 14.317465 204.989816
412 1 26 13.511702 182.566089
412 8 9 14.121740 199.423549
412 12 25 14.282227 203.982004
413 1 26 13.158363 173.142516
413 8 9 15.277775 233.410414
413 12 25 15.389036 236.822416
414 1 26 13.645132 186.189629
414 8 9 15.486624 239.835525
414 12 25 13.931007 194.072964
415 1 26 13.591004 184.715380
415 8 9 14.328541 205.307076
415 12 25 14.008927 196.250024
416 1 26 13.887446 192.861165
416 8 9 14.217276 202.130924
416 12 25 13.627084 185.697416
417 1 26 13.738499 188.746365
417 8 9 14.785265 218.604062
417 12 25 14.245702 202.940036
418 1 26 14.206278 201.818342
418 8 9 14.467228 209.300684
418 12 25 15.187554 230.661800
419 1 26 14.847184 220.438882
419 8 9 13.649232 186.301540
419 12 25 14.623051 213.833621
420 1 26 14.607855 213.389437
420 8 9 14.994286 224.828621
420 12 25 15.434351 238.219189
421 1 26 14.633767 214.147149
421 8 9 14.643252 214.424822
421 12 25 15.194973 230.887204
422 1 26 15.222571 231.726653
422 8 9 14.890284 221.720554
422 12 25 16.001820 256.058229
423 1 26 14.062533 197.754836
423 8 9 15.014246 225.427582
423 12 25 14.870089 221.119544
424 1 26 13.554263 183.718036
424 8 9 15.474681 239.465757
424 12 25 14.006693 196.187444
424 14 27 11.851022 140.446725
425 1 26 12.746986 162.485649
425 8 9 14.775683 218.320794
425 12 25 14.463870 209.203529
426 1 26 14.080987 198.274181
426 8 9 15.259425 232.850051
426 12 25 14.996028 224.880864
427 1 26 13.416003 179.989144
427 8 9 15.559832 242.108360
427 12 25 14.607873 213.389949
428 1 26 14.696763 215.994856
428 8 9 14.273413 203.730305
428 12 25 14.028387 196.795649
429 1 26 15.219178 231.623384
429 8 9 14.991583 224.747549
429 12 25 14.700656 216.109284
430 1 26 13.894973 193.070264
430 8 9 15.736047 247.623182
430 12 25 15.177188 230.347029
431 1 26 14.677679 215.434264
431 8 9 15.947015 254.307288
431 12 25 12.596269 158.666000
432 1 26 13.332325 177.750900
432 8 9 15.043620 226.310489
432 12 25 14.156230 200.398861
433 1 26 13.180101 173.715064
433 8 9 14.867594 221.045354
433 12 25 14.430154 208.229349
434 8 9 14.801635 219.088404
434 12 25 13.439357 180.616329
435 1 26 13.191501 174.015704
435 8 9 14.117514 199.304202
436 1 26 13.753098 189.147700
436 8 9 14.172269 200.853206
436 11 20 12.690859 161.057900
437 1 26 13.623642 185.603609
437 8 9 15.182106 230.496345
437 11 20 14.880512 221.429629
437 12 25 15.183141 230.527776
438 1 26 13.964116 194.996541
438 8 9 15.231465 231.997515
438 11 20 12.394624 153.626696
438 12 25 13.106616 171.783381
439 1 26 13.211953 174.555689
439 8 9 14.598100 213.104510
439 11 20 12.993330 168.826616
439 12 25 14.895050 221.862500
440 1 26 13.934799 194.178625
440 8 9 15.439427 238.375902
440 11 20 14.376408 206.681121
440 12 25 14.700432 216.102689
441 1 26 13.347198 178.147700
441 8 9 15.219144 231.622334
441 11 20 14.245533 202.935200
441 12 25 13.874485 192.501325
442 1 26 14.200717 201.660356
442 8 9 15.064364 226.935075
442 11 20 14.022118 196.619784
442 12 25 14.637852 214.266701
443 1 26 14.196571 201.542625
443 8 9 14.118618 199.335385
443 11 20 14.544267 211.535700
443 12 25 15.445945 238.577225
444 1 26 14.692177 215.860076
444 8 9 13.543234 183.419200
444 11 20 14.476053 209.556100
444 12 25 15.642496 244.687689
445 1 26 14.202261 201.704216
445 8 9 15.306011 234.273969
445 11 20 14.190610 201.373416
445 12 25 15.376662 236.441729
446 1 26 14.467521 209.309169
446 8 9 15.492529 240.018449
446 11 20 14.599858 213.155861
446 12 25 15.170024 230.129636
447 1 26 14.979773 224.393604
447 8 9 14.543260 211.506412
447 11 20 13.124950 172.264325
447 12 25 15.235793 232.129400
448 8 9 14.760962 217.886004
448 11 20 14.093160 198.617169
448 12 25 15.541488 241.537844
449 8 9 14.925985 222.785018
449 11 20 13.591004 184.715400
449 12 25 15.776323 248.892361
450 8 9 14.518551 210.788313
450 11 20 13.869197 192.354625
450 12 25 12.686059 160.936100
451 8 9 14.859532 220.805705
451 11 20 14.456892 209.001725
451 12 25 13.981953 195.494996
452 8 9 15.225434 231.813837
452 11 20 14.073771 198.071025
452 12 25 12.711479 161.581700
453 8 9 15.177837 230.366725
453 11 20 14.191043 201.385700
453 12 25 14.504447 210.378996
454 8 9 15.662432 245.311784
454 11 20 14.843379 220.325896
454 12 25 15.261537 232.914500
455 8 9 14.262844 203.428713
455 11 20 15.224866 231.796549
455 12 25 14.750589 217.579869
456 8 9 15.402784 237.245741
456 11 20 13.479994 181.710241
456 12 25 15.051860 226.558481
457 8 9 15.216296 231.535677
457 11 20 13.852064 191.879684
457 12 25 14.782277 218.515725
458 8 9 14.530537 211.136498
458 11 20 13.460444 181.183556
458 12 25 14.930119 222.908449
459 8 9 14.251357 203.101172
459 11 20 14.235857 202.659621
459 12 25 14.738111 217.211921
460 8 9 15.008333 225.250046
460 11 20 13.369971 178.756129
460 12 25 15.266971 233.080400
461 8 9 15.646763 244.821197
461 11 20 14.439383 208.495769
461 12 25 14.504337 210.375800
462 8 9 14.925629 222.774398
462 11 20 14.646297 214.514029
462 12 25 14.163698 200.610341
463 8 9 14.961336 223.841574
463 11 20 15.031087 225.933569
463 12 25 14.524996 210.975500
464 8 9 15.556456 242.003336
464 11 20 14.002214 196.062000
464 12 25 14.237184 202.697396
465 8 9 15.513299 240.662442
465 11 20 14.542934 211.496916
465 12 25 14.312994 204.861789
466 8 9 14.506320 210.433313
466 11 20 13.883980 192.764904
466 12 25 15.330617 235.027829
467 8 9 15.119888 228.611010
467 11 20 14.387776 207.008100
467 12 25 15.472418 239.395725
468 8 9 15.833381 250.695961
468 11 20 15.065159 226.959021
468 12 25 14.886710 221.614125
469 8 9 15.281895 233.536304
469 11 20 12.776312 163.234161
469 12 25 14.518048 210.773729
470 8 9 15.483377 239.734970
470 11 20 13.186140 173.874281
470 12 25 14.329488 205.334225
471 8 9 14.954900 223.649033
471 11 20 14.744556 217.401944
471 12 25 15.151535 229.569025
472 8 9 14.065163 197.828812
472 11 20 14.646943 214.532925
472 12 25 14.375719 206.661309
473 8 9 15.174328 230.260233
473 11 20 14.391255 207.108225
473 12 25 14.847461 220.447089
474 8 9 15.169746 230.121204
474 11 20 14.915352 222.467725
474 12 25 15.228115 231.895496
475 8 9 14.393197 207.164116
475 11 20 14.900245 222.017300
475 12 25 13.893888 193.040129
476 8 9 15.772805 248.781369
476 11 20 15.255419 232.727809
476 12 25 14.928560 222.861900
477 8 9 15.441468 238.438936
477 11 20 13.796591 190.345936
477 12 25 14.966593 223.998900
478 8 9 15.108209 228.257989
478 11 20 14.587738 212.802089
478 12 25 15.377950 236.481336
479 8 9 15.374173 236.365200
479 11 20 15.747410 247.980925
479 12 25 15.035661 226.071101
480 8 9 15.496617 240.145144
480 11 20 15.036189 226.086984
480 12 25 15.425235 237.937861
481 8 9 15.699315 246.468500
481 11 20 14.939782 223.197096
481 12 25 15.430839 238.110804
482 8 9 15.472626 239.402169
482 11 20 14.677848 215.439221
482 12 25 15.214819 231.490725
483 8 9 14.751211 217.598212
483 11 20 15.002009 225.060264
483 12 25 14.864177 220.943764
484 8 9 14.199284 201.619656
484 11 20 15.240293 232.266529
484 12 25 15.074481 227.239969
485 8 9 13.011646 169.302933
485 11 20 14.132230 199.719916
485 12 25 15.019259 225.578144
486 1 28 14.193525 201.456164
486 8 9 14.222447 202.278004
486 11 20 14.628844 214.003081
486 12 25 14.095352 198.678941
487 1 28 14.216064 202.096485
487 8 9 13.892772 193.009105
487 11 20 13.771940 189.666324
487 12 25 14.758091 217.801264
488 1 28 15.511476 240.605882
488 8 9 13.930221 194.051045
488 11 20 13.027174 169.707269
488 12 25 14.568749 212.248441
489 1 28 13.703383 187.782705
489 8 9 14.296049 204.377016
489 11 20 14.353709 206.028969
489 12 25 13.861689 192.146429
490 1 28 15.006439 225.193224
490 8 9 15.210626 231.363149
490 11 20 15.024365 225.731556
491 1 28 15.805213 249.804749
491 8 9 13.991499 195.762045
491 11 20 13.623766 185.607000
492 1 28 15.727254 247.346525
492 8 9 15.428498 238.038545
492 11 20 14.835303 220.086216
493 1 28 15.092773 227.791785
493 8 9 16.099767 259.202505
493 11 20 13.751417 189.101481
493 12 13 14.429290 208.204404
494 1 28 15.678037 245.800845
494 8 9 15.284888 233.627800
494 11 20 14.576236 212.466661
494 12 13 13.546923 183.519125
495 1 28 14.633505 214.139464
495 8 9 14.295378 204.357841
495 11 20 14.659854 214.911309
495 12 13 15.057413 226.725701
496 1 28 14.984581 224.537670
496 8 9 15.886259 252.373225
496 11 20 13.875335 192.524921
496 12 13 14.818731 219.594789
497 1 28 15.089380 227.689385
497 8 9 15.938589 254.038609
497 11 20 14.953380 223.603581
497 12 13 13.450184 180.907449
498 1 28 15.304504 234.227838
498 8 9 14.803970 219.157529
498 11 20 15.130137 228.921044
498 12 13 13.802936 190.521044
499 1 28 14.678727 215.465034
499 8 9 14.326123 205.237800
499 11 20 14.914007 222.427600
499 12 13 14.925636 222.774600
